public/data/weather/current/current-wind-surface-level-gfs-1.0.json
{"header": {"discipline":0,"disciplineName":"Meteorological products","gribEdition":2,"gribLength":74229,"center":7,"centerName":"US National Weather Service - NCEP(WMC)","subcenter":0,"refTime":"2018-01-11T06:00:00.000Z","significanceOfRT":1,"significanceOfRTName":"Start of forecast","productStatus":0,"productStatusName":"Operational products","productType":1,"productTypeName":"Forecast products","productDefinitionTemplate":0,"productDefinitionTemplateName":"Analysis/forecast at horizontal level/layer at a point in time","parameterCategory":2,"parameterCategoryName":"Momentum","parameterNumber":2,"parameterNumberName":"U-component_of_wind","parameterUnit":"m.s-1","genProcessType":2,"genProcessTypeName":"Forecast","forecastTime":3,"surface1Type":103,"surface1TypeName":"Specified height level above ground","surface1Value":10,"surface2Type":255,"surface2TypeName":"Missing","surface2Value":0,"gridDefinitionTemplate":0,"gridDefinitionTemplateName":"Latitude_Longitude","numberPoints":65160,"shape":6,"shapeName":"Earth spherical with radius of 6,371,229.0 m","gridUnits":"degrees","resolution":48,"winds":"true","scanMode":0,"nx":360,"ny":181,"basicAngle":0,"lo1":0,"la1":90,"lo2":359,"la2":-90,"dx":1,"dy":1}, "data":
[rows 50 to 74 of 181, columns 114 to 170 of 360]
3.0997534,2.6197534,1.5497534,0.5197534,1.8297534,2.0197535,2.3297534,2.9897535,0.8397534,1.6197534,2.5397534,1.4697534,1.4497534,2.3897533,2.6597533,3.0797534,2.3797534,-3.7002466,1.5597534,5.5797534,8.149754,10.289753,10.249753,9.689754,9.4797535,8.829754,5.4097533,1.5997534,3.6297534,6.279753,3.8897533,2.1497533,0.5097534,0.5697534,-2.4302466,-1.5602466,-0.83024657,-3.9902465,-4.0202465,-2.7202466,-2.9202466,-1.6302466,-0.42024657,0.48975343,1.3297534,2.4997535,3.4997535,5.3597536,7.2397532,9.429753,10.989754,12.179753,13.709753,15.029754,16.289753,17.349754,18.829754
1.6097534,0.38975343,-0.13024658,0.9497534,4.029753,3.5897534,4.4597535,3.3897533,3.0397534,4.529753,4.1997533,4.4697533,3.3897533,2.2397535,7.029753,7.3997536,7.2897534,-3.4002466,-0.14024659,2.6897535,4.0697536,5.1997533,5.9197536,7.2097535,5.1997533,0.9997534,-0.22024658,1.6697534,2.2597535,-2.4702466,-2.3802466,2.0497534,7.8797536,7.9797535,8.029754,8.899754,2.9397535,-5.7802467,-6.3702464,-5.1202464,-2.8802466,-2.8302467,-2.7502465,-3.6302466,-3.3402467,-3.9702466,-3.3902466,-1.7102466,2.7397535,4.6597533,6.5797534,8.269753,9.429753,9.569754,13.029754,13.159754,15.909754
-2.2002466,0.059753418,0.8197534,-0.23024659,2.1397533,3.6797533,3.2897534,3.9497535,4.1697536,5.1197534,5.3397536,4.0697536,4.0397534,3.6597533,1.5097535,8.299753,7.1897535,5.2297535,-3.0402465,-0.20024659,1.4097534,0.9397534,2.2097535,1.1397535,-3.4602466,-3.7402465,-0.5602466,-1.5202466,-0.3002466,4.009753,4.3997536,2.3197534,2.9997535,4.0997534,5.7697535,6.2697535,4.549753,5.2497535,12.089753,11.489754,7.6997533,4.4597535,-1.8502465,-4.6402464,-6.0402465,-8.600246,-10.960247,-4.3002467,-1.9202466,1.7097534,3.6797533,5.4097533,7.6297536,9.489754,8.419753,10.109754,12.209753
-2.0602465,-1.3302466,0.21975341,-0.9102466,1.5697534,2.4797535,1.8097534,2.5097535,3.6997535,6.2097535,6.3797536,6.9797535,7.3997536,3.0497534,2.9497535,2.8497534,7.2097535,9.329754,6.4397535,0.3497534,-4.5102468,3.5597534,10.4797535,7.1297536,3.3997533,-1.0002465,0.71975344,8.999753,6.7397532,6.1597533,5.5597534,4.7697535,4.6297536,6.3697534,8.589753,10.299753,12.219753,13.179753,12.189754,11.489754,10.379753,7.9497533,6.7097535,6.6997533,6.4397535,13.489754,14.129753,12.349753,9.689754,7.6197534,5.3597536,5.0597534,6.1097536,8.939754,9.579754,7.5697536,8.799753
-2.7102466,-1.7902466,-0.7402466,0.30975342,2.1297534,1.7297534,2.0897534,4.6597533,4.8897533,5.9697533,7.0897536,7.6997533,8.119754,1.1297535,3.6497533,5.0797534,12.319754,10.579754,10.709753,13.259753,14.609754,14.389753,10.849753,2.9597535,3.3397534,4.1897535,1.0397534,5.3497534,8.549753,13.179753,14.2297535,14.159754,13.049753,12.029754,12.619754,13.419753,12.459753,11.039753,10.159754,9.779754,9.239754,7.4997535,7.5197535,10.179753,13.7297535,12.739754,10.499753,9.899754,10.009753,8.619754,6.9397535,6.1397533,6.6397533,7.5897536,6.4197536,6.3097534,9.659754
-1.0002465,-1.3902466,-0.6102466,0.5097534,0.6297534,1.1697534,3.4097533,3.8197534,4.3897533,4.8497534,5.6497536,6.9597535,7.7897534,2.0497534,2.9897535,8.279754,10.799753,11.049753,10.9797535,4.1297536,2.5397534,2.8797534,3.9797535,5.1997533,2.8297534,6.7397532,11.749753,17.259754,16.729753,15.569754,14.719753,13.659754,12.719753,12.2297535,11.749753,10.569754,9.489754,9.059753,8.849753,8.419753,8.649754,9.359754,11.469753,11.359754,10.819754,9.2297535,7.9697533,7.5397534,7.1897535,6.549753,7.1297536,7.0697536,5.9597535,5.6297536,5.5997534,6.5797534,9.199754
-1.1302466,-1.2802466,-0.77024657,0.3197534,0.85975343,1.3397534,1.0897534,5.1897535,5.8697534,5.8997536,5.4397535,6.1797533,7.4997535,7.1897535,8.489754,11.069754,10.659754,7.6997533,4.9497533,7.6797533,2.6797533,6.5197535,2.2597535,8.209753,10.719753,12.719753,14.249753,14.389753,13.939754,13.619754,12.299753,11.829754,11.389753,9.359754,8.499753,7.6097536,6.8897533,7.4097533,8.679753,9.799753,9.679753,9.899754,10.259753,10.449754,10.119754,9.079754,7.509753,5.9797535,4.9997535,4.509753,4.4797535,4.299753,4.4497533,4.8497534,5.4197536,6.6697536,8.059753
-1.8102466,-1.6902466,-1.3002466,-0.4902466,0.6897534,1.6497535,1.8497534,5.3897533,7.1297536,9.449754,10.9797535,10.529754,9.119754,8.059753,9.449754,8.339753,2.8697534,3.4197533,7.8397536,3.9897535,12.739754,12.549753,10.599753,9.429753,10.389753,11.819754,12.429753,13.219753,12.329754,11.829754,10.869754,9.569754,7.9497533,6.7697535,6.1597533,6.4597535,7.5697536,9.179753,10.269753,9.039753,8.439754,8.659754,9.519753,9.179753,7.6497536,7.1297536,6.1597533,5.1397533,4.4897532,3.8797534,3.4697535,3.2097535,3.0697534,3.1897535,3.8597534,4.7497535,5.7497535
-2.1202466,-1.6202465,-0.5402466,-0.16024658,0.12975341,1.1697534,2.4297533,2.8597534,6.779753,8.359754,8.899754,10.929753,11.989754,12.109754,11.499753,8.139753,5.259753,1.5097535,6.2097535,3.9297533,7.509753,9.269753,10.339753,11.329754,10.7297535,11.559753,11.679753,11.299753,9.999753,8.889753,7.6497536,6.3497534,5.6597533,5.2297535,5.5397534,7.7297535,9.299753,9.089753,7.5997534,6.9097533,7.5997534,8.2297535,6.7097535,5.9497533,5.3097534,4.7397532,4.1197534,3.7297535,3.3297534,3.0397534,2.9197533,2.8797534,2.9197533,3.0797534,3.5897534,4.1997533,5.1797533
-2.6702466,0.30975342,-0.32024658,1.1597534,2.8597534,2.5197535,2.9097533,2.1897535,4.6997533,6.6397533,8.009753,8.299753,9.769753,10.329754,10.799753,10.969753,8.819754,5.8797536,8.639753,9.459753,6.2297535,4.9297533,6.4597535,6.8897533,7.9097533,8.249753,8.399754,7.7397532,5.9897532,5.1697536,4.6097536,4.2497535,4.509753,6.7897534,8.039753,7.049753,6.5397534,5.8997536,5.7697535,6.1697536,5.8497534,5.2397532,4.9297533,4.5197535,3.9597535,3.4797535,3.2197535,3.0497534,2.8597534,2.8597534,2.5397534,2.6497533,2.6897535,2.8297534,3.2297535,4.3897533,5.509753
-1.9202466,0.12975341,0.3497534,-0.58024657,0.91975343,1.3897535,0.07975342,1.0597534,3.5297534,4.3397536,5.5397534,6.1897535,7.5397534,8.889753,9.179753,9.649754,10.179753,9.309753,10.699754,11.389753,9.289753,6.3997536,4.9497533,5.6997533,6.0797534,5.9997535,6.2097535,5.6197534,3.8697534,3.0497534,3.2097535,5.9297533,7.1597533,6.2097535,5.1897535,4.799753,4.7897534,4.9797535,4.5697536,3.8797534,3.5197535,3.3797534,3.4197533,3.6497533,3.3897533,2.8397534,2.6897535,2.7997534,2.9997535,3.0997534,3.3397534,3.7097535,4.0797534,4.6797533,4.9497533,5.4697533,5.8397536
-0.6002466,0.009753418,-0.5702466,0.8297534,1.4197534,1.3797535,0.26975343,0.9597534,0.009753418,1.7797534,2.7897534,3.7797534,5.029753,6.5897536,7.5397534,8.639753,9.409754,9.759753,9.439754,8.949754,8.209753,7.4097533,5.5897536,4.9797535,5.1697536,5.6397533,5.779753,5.7097535,6.5597534,7.0697536,7.3197536,6.049753,5.029753,4.1097536,3.5697534,3.5197535,3.9797535,3.2797534,1.7897534,1.5097535,1.6297535,2.5997534,2.3997533,2.0097535,1.6797534,1.8597534,1.7897534,1.4697534,1.4697534,1.6997534,1.9897534,2.3697534,2.9297533,3.3897533,3.5597534,3.9897535,4.3897533
-0.59024656,-2.6102467,-1.4302466,-0.38024658,1.8497534,0.8097534,-0.3102466,-2.6202466,-2.6002467,-0.97024655,0.72975343,1.3997535,2.2697535,4.1597533,5.9797535,7.0397534,7.6597533,8.549753,8.209753,7.3597536,6.6797533,7.1197534,7.2697535,6.3597536,6.1197534,5.6197534,6.5597534,7.2897534,6.5897536,5.8297534,4.8197536,3.9497535,2.6597533,1.4697534,1.1897534,1.9697534,0.96975344,0.41975343,-0.77024657,1.3097534,0.8797534,1.0197535,0.48975343,0.15975341,0.2897534,-0.3402466,-0.7402466,-0.5502466,-0.5102466,-0.25024658,0.12975341,0.5797534,0.97975343,1.2797534,1.6797534,2.1197534,2.5297534
-1.8202466,-1.4302466,-0.00024658203,0.91975343,-0.52024657,1.4297534,-1.6402466,-6.0202465,-3.3402467,-2.1302466,-0.3002466,0.9297534,1.1997534,2.9297533,3.7197535,4.7397532,5.299753,5.3497534,5.4597535,5.2297535,7.3497534,6.2197533,4.8297534,3.9697535,3.6197534,3.5197535,4.1597533,3.5097535,4.1197534,4.1097536,2.7197535,0.6397534,-0.9302466,-0.8602466,-0.44024658,-1.5502466,-2.2902465,-1.2602466,-0.21024658,-0.24024658,-0.6102466,-1.5602466,-1.7802466,-1.9502466,-2.2402465,-2.6002467,-2.6002467,-2.8502467,-2.7102466,-2.3202467,-1.8102466,-1.4602466,-1.3402466,-1.0802466,-0.9102466,-0.6702466,-0.52024657
-1.4102466,0.27975342,-0.64024657,0.8897534,-0.41024658,-0.2802466,-7.3202467,-6.5002465,-3.7102466,-1.9602466,-0.7402466,0.33975342,1.8897535,2.4997535,3.0497534,3.7697535,3.5897534,3.4297533,4.5897536,4.5697536,3.8597534,3.1997535,2.4997535,1.2697535,1.4397534,1.3997535,1.1497535,2.0697534,1.8497534,0.6997534,-1.7902466,-2.7702465,-2.5602465,-2.6202466,-3.9602466,-2.8302467,-1.2202466,-2.5002465,-2.7702465,-3.0502465,-3.3402467,-3.5702467,-3.5102465,-3.5602465,-3.6302466,-3.3502467,-4.4002466,-4.1902466,-3.8502467,-3.2502465,-3.3902466,-3.1702466,-3.2902465,-3.0702467,-3.0802467,-2.9102466,-2.7602465
-2.8802466,-0.08024658,0.3497534,0.20975342,0.5197534,-8.440247,-8.830247,-8.790247,-3.5402465,-3.0702467,-1.9602466,-1.0202466,0.78975344,1.0697534,1.6097534,1.2597535,2.3397534,1.9397534,1.2797534,1.2097534,0.71975344,0.65975344,0.60975343,0.9997534,0.30975342,-0.110246584,-0.17024659,-0.5002466,-2.1902466,-4.0902467,-4.4402466,-4.4302464,-4.5802464,-4.1502466,-2.3402467,-3.9502466,-4.240247,-4.6702466,-4.7502465,-4.8102465,-4.5302467,-3.5002465,-4.3702464,-4.5202465,-4.4102464,-5.0802464,-5.6102467,-5.0902467,-4.7802467,-4.3602467,-4.970247,-4.8602467,-4.8402467,-4.6702466,-4.740247,-4.740247,-4.6602464
-0.6902466,-0.7502466,0.41975343,0.18975341,-7.9002466,-7.8702464,-6.8402467,1.0097535,-5.6402464,-4.8002467,-3.4702466,-2.6502466,-0.97024655,-1.1302466,-1.5502466,-0.39024657,-0.89024657,-0.96024656,-0.7402466,-1.5402466,-1.7102466,-1.0402466,-0.77024657,-0.7302466,-1.6602466,-2.3502467,-3.6202466,-4.8402467,-5.9202466,-5.7802467,-6.0202465,-5.9802465,-2.9602466,-4.3202467,-5.220247,-5.8002467,-5.6302466,-5.9102464,-5.8802466,-5.6702466,-5.3402467,-4.7702465,-5.0202465,-4.9402466,-6.1002464,-6.3902464,-6.450247,-6.0802464,-5.9002466,-6.0602465,-6.3802466,-6.3302464,-6.2602468,-6.1202464,-6.0802464,-6.0302467,-5.990247
-2.7202466,-0.26024657,-1.1402466,-7.3202467,-7.2102466,-5.6602464,-2.5502465,-0.90024656,-7.1602464,-6.3202467,-6.1402464,-4.9602466,-4.1602464,-3.0402465,-2.8102465,-3.1202466,-3.2802465,-3.3002465,-3.0202465,-3.3002465,-3.1902466,-2.9702466,-3.2202466,-4.200247,-5.1002464,-5.740247,-7.3802466,-7.6002464,-7.0602465,-7.0902467,-6.1202464,-4.6602464,-6.5402465,-6.6802464,-6.6302466,-6.3802466,-6.6202464,-6.950247,-7.2902465,-6.700247,-6.4302464,-5.5902467,-5.740247,-6.4802465,-6.9602466,-7.4402466,-7.2502465,-7.2702465,-7.2702465,-7.3402467,-7.3602467,-7.3302464,-7.3502464,-7.3202467,-7.240247,-7.0002465,-7.0102468
-3.2802465,-3.4402466,-6.7902465,-7.8302464,-6.450247,-4.7502465,-1.3302466,-8.590246,-8.460247,-7.8802466,-7.6802464,-6.9602466,-5.5802464,-5.2502465,-5.2902465,-5.1602464,-5.3102465,-5.2302465,-4.6302466,-5.2702465,-4.9202466,-5.990247,-6.5102468,-6.8302464,-7.3702464,-7.9102464,-8.210247,-8.740247,-7.8802466,-6.1202464,-6.2802467,-6.6702466,-7.740247,-8.040247,-7.6202464,-7.8502464,-8.460247,-8.600246,-8.130246,-8.230247,-7.5202465,-7.1102467,-7.220247,-7.5402465,-8.0202465,-7.9302464,-8.500247,-8.500247,-8.5202465,-8.360247,-8.410247,-8.170246,-8.130246,-8.060246,-7.7702465,-7.7802467,-7.6602464
-6.8802466,-8.200247,-8.550246,-8.200247,-6.700247,-3.6302466,-9.350246,-9.290247,-9.580247,-9.050246,-8.830247,-8.280247,-7.6302466,-6.9002466,-6.950247,-6.8802466,-6.4102464,-6.7802467,-6.5302467,-7.2502465,-8.080247,-8.380246,-8.150247,-8.300246,-8.280247,-7.3802466,-7.9402466,-8.330247,-7.0702467,-5.8902464,-6.450247,-8.180246,-8.690247,-8.640246,-8.590246,-8.530247,-8.430246,-8.870247,-8.620247,-8.960247,-9.000247,-8.7702465,-8.900247,-8.690247,-8.410247,-8.650247,-8.990247,-9.300246,-9.170246,-9.050246,-8.980247,-8.880246,-8.780247,-8.560246,-8.320247,-8.110247,-8.060246
-9.0202465,-9.190247,-8.430246,-7.4402466,-6.5602465,-9.340246,-9.620247,-10.360247,-10.440247,-10.800246,-9.990247,-8.920246,-8.200247,-8.450247,-8.750247,-7.7802467,-7.7502465,-8.100246,-8.940247,-8.690247,-9.180246,-8.460247,-8.570247,-7.6602464,-6.740247,-7.0502467,-6.7502465,-7.6102467,-7.0402465,-6.4002466,-7.950247,-8.280247,-9.440247,-9.060246,-8.700247,-8.370247,-8.710247,-8.810246,-8.540247,-9.600246,-9.870247,-9.750247,-9.380246,-9.060246,-9.250247,-9.800246,-9.7702465,-9.850246,-9.740247,-9.550246,-9.360247,-9.220246,-9.160247,-9.040247,-8.690247,-8.680246,-8.920246
-8.410247,-8.580247,-7.6702466,-7.4202466,-9.040247,-9.360247,-12.010246,-9.590246,-9.870247,-10.830247,-9.850246,-9.380246,-8.960247,-10.240247,-9.590246,-9.810246,-9.050246,-9.340246,-9.710247,-9.400247,-8.890246,-8.300246,-6.9002466,-5.6702466,-6.5902467,-6.9302464,-6.5702467,-7.0802464,-6.5402465,-6.6002464,-7.4402466,-8.050246,-8.800246,-8.650247,-8.610247,-8.570247,-8.740247,-8.480247,-9.080247,-9.580247,-9.860247,-10.050246,-9.510246,-9.400247,-10.040247,-10.390246,-10.710247,-10.630246,-10.480247,-10.260246,-10.030247,-10.030247,-10.230247,-10.120247,-9.730247,-10.030247,-9.740247
-8.570247,-8.300246,-7.0302467,-7.1602464,-9.050246,-9.950247,-10.200247,-3.2802465,-0.71024656,-10.220246,-9.570247,-9.950247,-11.260246,-11.510246,-10.840246,-9.920246,-10.250247,-9.690247,-9.960247,-9.260246,-8.070247,-6.2602468,-4.8202467,-5.7702465,-6.3202467,-6.3802466,-6.5602465,-6.9802465,-5.9202466,-6.4602466,-7.1502466,-8.150247,-8.250247,-8.080247,-8.760246,-9.100246,-9.280247,-9.430246,-9.550246,-9.940247,-10.110247,-10.010246,-10.080247,-10.410247,-10.820247,-10.970246,-11.070247,-11.190247,-11.300246,-11.290247,-11.200247,-10.980247,-10.810246,-10.800246,-10.310246,-9.690247,-9.580247
-8.330247,-7.0802464,-6.5202465,-6.8902464,-7.6802464,-7.4602466,-2.7602465,-1.6302466,-0.12024658,-8.700247,-9.550246,-11.860247,-12.220246,-11.5202465,-10.880246,-10.640246,-10.420246,-9.750247,-8.670246,-7.6402464,-6.4602466,-5.970247,-5.6202464,-5.6902466,-4.3102465,-5.4202466,-5.6302466,-5.3902464,-5.2702465,-5.4202466,-6.3102465,-6.7302465,-8.170246,-8.640246,-8.920246,-9.250247,-9.640246,-9.850246,-9.950247,-10.190247,-10.570247,-10.810246,-10.320247,-10.340246,-9.950247,-10.490247,-10.080247,-10.010246,-10.220246,-10.160247,-10.130246,-10.460247,-10.550246,-10.500247,-10.100246,-9.940247,-10.180246
-6.8702464,-6.4802465,-6.700247,-6.4202466,-6.0102468,-3.8602467,-0.5002466,-1.9902465,-3.0502465,-5.490247,-9.930246,-10.920246,-11.430246,-10.950247,-11.010246,-9.2702465,-8.730247,-7.9102464,-7.1202464,-6.5102468,-6.0602465,-5.8902464,-6.1702466,-6.3202467,-5.9402466,-5.9002466,-6.1502466,-5.740247,-5.5102468,-5.7702465,-6.3302464,-7.3802466,-8.210247,-8.600246,-9.260246,-9.870247,-10.190247,-10.250247,-10.250247,-10.450247,-10.860247,-10.700247,-10.220246,-10.090246,-10.280247,-10.730247,-10.940247,-10.660247,-11.0202465,-10.960247,-10.7702465,-10.660247,-10.560246,-10.460247,-10.420246,-10.580247,-10.660247
