public/data/weather/current/current-wind-surface-level-gfs-1.0.json
{"header": {"discipline":0,"disciplineName":"Meteorological products","gribEdition":2,"gribLength":74363,"center":7,"centerName":"US National Weather Service - NCEP(WMC)","subcenter":0,"refTime":"2018-01-10T12:00:00.000Z","significanceOfRT":1,"significanceOfRTName":"Start of forecast","productStatus":0,"productStatusName":"Operational products","productType":1,"productTypeName":"Forecast products","productDefinitionTemplate":0,"productDefinitionTemplateName":"Analysis/forecast at horizontal level/layer at a point in time","parameterCategory":2,"parameterCategoryName":"Momentum","parameterNumber":2,"parameterNumberName":"U-component_of_wind","parameterUnit":"m.s-1","genProcessType":2,"genProcessTypeName":"Forecast","forecastTime":3,"surface1Type":103,"surface1TypeName":"Specified height level above ground","surface1Value":10,"surface2Type":255,"surface2TypeName":"Missing","surface2Value":0,"gridDefinitionTemplate":0,"gridDefinitionTemplateName":"Latitude_Longitude","numberPoints":65160,"shape":6,"shapeName":"Earth spherical with radius of 6,371,229.0 m","gridUnits":"degrees","resolution":48,"winds":"true","scanMode":0,"nx":360,"ny":181,"basicAngle":0,"lo1":0,"la1":90,"lo2":359,"la2":-90,"dx":1,"dy":1}, "data":
[rows 130 to 155 of 181, columns 236 to 294 of 360]
1.033595,1.633595,1.593595,2.103595,1.9635949,1.8235949,2.573595,3.893595,4.563595,4.883595,4.703595,4.993595,5.513595,6.333595,6.573595,5.703595,5.343595,5.233595,4.543595,3.903595,2.133595,10.063595,8.143595,8.243595,7.463595,7.703595,7.103595,6.603595,6.483595,6.433595,6.093595,5.963595,5.603595,4.863595,4.883595,5.163595,4.793595,4.073595,3.863595,3.973595,3.723595,3.223595,3.143595,3.243595,2.353595,1.4535949,1.393595,0.48359498,0.29359496,0.53359497,3.873595,0.22359496,0.78359497,-2.586405,-3.686405,-2.516405,-3.676405,-1.396405,-0.10640503
2.633595,2.083595,1.8335949,2.243595,2.213595,2.213595,2.2535949,2.623595,2.463595,2.713595,3.113595,3.683595,4.473595,5.363595,6.033595,5.963595,5.693595,5.733595,5.303595,4.293595,3.2535949,2.593595,7.363595,5.653595,5.943595,6.343595,6.793595,7.303595,6.8935947,6.223595,6.013595,5.653595,6.013595,5.543595,5.403595,5.153595,5.243595,5.023595,4.533595,4.053595,3.973595,3.593595,3.483595,3.563595,3.643595,2.923595,2.403595,1.723595,0.67359495,0.503595,2.293595,0.903595,0.773595,-1.106405,-0.45640504,-1.656405,-2.756405,-0.926405,0.18359497
2.783595,2.933595,2.723595,3.2635949,3.173595,3.2535949,3.563595,3.643595,3.813595,4.003595,4.283595,4.453595,4.823595,5.3935947,5.6435947,5.753595,5.723595,5.563595,4.793595,4.423595,3.583595,2.673595,3.433595,1.503595,4.653595,4.6235948,5.243595,6.043595,7.113595,6.813595,6.403595,6.183595,6.263595,6.223595,6.083595,5.903595,5.713595,5.573595,5.593595,4.543595,4.443595,4.483595,4.103595,3.783595,3.913595,3.843595,3.383595,2.693595,1.273595,0.573595,2.113595,3.043595,0.59359497,0.61359495,0.963595,0.583595,0.833595,-0.626405,-1.886405
4.273595,4.263595,4.6435947,4.603595,4.483595,4.6235948,4.903595,4.943595,4.943595,5.1235948,5.173595,5.223595,5.183595,5.113595,5.133595,5.353595,5.403595,5.463595,5.423595,4.693595,3.973595,3.373595,2.213595,2.833595,0.36359498,2.533595,4.573595,5.703595,7.033595,7.293595,7.053595,7.173595,7.303595,7.243595,7.133595,6.8935947,7.043595,6.973595,6.283595,5.433595,4.993595,4.903595,4.753595,4.203595,3.813595,3.993595,3.973595,3.313595,1.883595,0.91359496,1.003595,4.723595,1.643595,0.97359496,2.573595,2.153595,-0.47640502,-4.386405,-3.7364051
5.013595,5.443595,5.6235948,5.773595,5.593595,5.6435947,5.723595,5.793595,6.043595,6.263595,6.1235948,5.953595,6.053595,5.943595,5.723595,5.543595,5.553595,5.503595,5.3935947,5.313595,5.053595,4.603595,3.813595,2.333595,1.603595,1.7035949,-0.77640504,3.953595,6.973595,7.243595,7.443595,7.603595,7.8735948,8.1335945,8.433595,8.623595,8.433595,8.043595,7.203595,5.863595,5.163595,5.033595,5.843595,5.103595,4.283595,3.923595,4.083595,3.833595,2.333595,1.903595,2.123595,1.763595,2.243595,1.283595,0.99359494,-0.42640504,0.34359497,-2.9964051,-3.556405
5.823595,6.323595,6.703595,6.753595,7.1435947,7.553595,7.713595,7.523595,7.543595,7.823595,7.343595,7.173595,7.263595,7.133595,6.993595,6.653595,6.423595,6.363595,6.233595,6.343595,6.333595,6.253595,5.783595,5.293595,4.283595,3.333595,2.7635949,3.043595,1.353595,5.233595,7.633595,8.043595,8.623595,8.723595,8.783595,9.333595,9.743595,9.6335945,8.073595,6.673595,5.733595,5.653595,6.713595,6.183595,5.213595,4.353595,4.003595,4.003595,2.493595,2.0035949,1.523595,1.9635949,2.393595,1.933595,2.193595,-1.636405,-0.666405,0.42359498,-4.166405
6.073595,6.583595,7.383595,8.003595,8.403595,8.733595,8.943595,9.1335945,9.373595,9.203595,9.073595,8.653595,8.6335945,8.043595,8.043595,7.663595,7.353595,7.243595,7.133595,7.183595,7.293595,7.193595,7.093595,6.923595,6.183595,5.263595,4.473595,4.193595,4.043595,4.183595,3.143595,6.043595,8.663595,9.033595,9.583595,9.933595,10.323595,10.273595,10.1335945,8.843595,6.563595,6.713595,7.683595,7.133595,6.203595,5.213595,4.523595,3.553595,1.343595,2.293595,1.093595,3.693595,2.703595,3.423595,3.303595,1.8335949,-2.116405,-1.216405,-2.756405
6.553595,7.173595,8.033595,8.473595,9.1335945,9.453595,9.863595,10.143595,10.393595,10.303595,10.293595,9.983595,9.923595,9.313595,8.833595,8.293595,8.033595,7.733595,7.883595,7.943595,8.003595,7.953595,7.773595,7.413595,7.1235948,6.183595,5.863595,5.313595,5.413595,5.383595,5.733595,5.213595,5.343595,7.903595,9.553595,9.723595,10.123595,10.573595,10.593595,10.893595,9.733595,7.713595,8.173595,7.8735948,6.813595,5.913595,4.883595,3.823595,0.633595,-0.44640502,-0.83640504,-3.296405,2.723595,2.7735949,4.603595,5.353595,4.983595,-1.366405,1.663595
7.183595,7.823595,8.323595,8.863595,9.393595,9.873595,10.243595,10.533595,10.773595,10.903595,10.863595,10.813595,10.903595,10.273595,9.843595,9.343595,9.023595,8.563595,8.263595,8.393595,8.833595,8.713595,8.393595,8.153595,7.613595,7.053595,6.933595,6.733595,6.533595,6.523595,6.203595,6.633595,6.593595,6.073595,7.743595,9.683595,9.6335945,10.123595,10.743595,11.083595,10.813595,9.793595,8.343595,8.313595,7.223595,6.343595,5.103595,3.223595,-0.34640503,0.20359497,1.723595,3.733595,5.1435947,3.353595,4.663595,5.223595,1.903595,3.613595,0.623595
8.033595,8.223595,8.653595,9.033595,9.433595,9.963595,10.223595,10.433595,10.443595,10.603595,10.8835945,11.273595,11.153595,11.213595,10.823595,10.393595,10.083595,9.843595,9.473595,9.093595,8.933595,9.223595,9.153595,8.923595,8.373595,7.933595,7.723595,7.413595,7.303595,7.313595,7.333595,7.063595,7.173595,7.3935947,7.013595,7.333595,9.223595,9.603595,10.093595,10.873595,10.773595,10.163595,9.283595,8.043595,7.473595,6.433595,5.043595,3.233595,-1.726405,-2.456405,-3.2464051,1.5635949,7.913595,6.763595,8.083595,5.843595,4.033595,-1.736405,0.38359496
8.1335945,8.463595,8.553595,8.973595,9.073595,9.293595,9.543595,9.763595,10.213595,10.473595,10.913595,11.273595,11.293595,11.163595,11.173595,11.203595,11.283595,11.303595,10.963595,10.303595,9.913595,9.663595,9.743595,9.553595,9.063595,8.653595,8.143595,7.943595,7.513595,7.723595,7.823595,7.883595,7.553595,7.423595,7.593595,7.533595,7.443595,8.893595,9.483595,9.853595,10.473595,10.453595,9.793595,8.783595,7.163595,7.183595,5.773595,3.723595,0.67359495,-0.29640502,-3.316405,3.153595,2.823595,2.383595,0.68359494,2.053595,3.693595,0.943595,2.2735949
8.213595,8.423595,8.323595,8.403595,8.763595,9.253595,9.563595,9.623595,9.183595,8.973595,9.143595,9.593595,10.093595,10.643595,11.153595,11.563595,11.773595,11.893595,11.6335945,11.373595,10.833595,10.6335945,10.193595,10.143595,9.863595,9.513595,8.663595,8.323595,8.143595,7.813595,7.853595,7.973595,7.933595,7.853595,7.693595,7.863595,7.903595,7.8735948,8.713595,9.483595,9.483595,9.913595,9.713595,9.293595,8.543595,7.3735948,6.813595,5.113595,3.453595,1.163595,0.09359497,5.473595,2.2535949,1.593595,-1.136405,-3.456405,-4.366405,-5.276405,-3.406405
8.313595,8.313595,8.313595,8.723595,9.303595,9.263595,8.643595,8.233595,8.623595,9.213595,9.783595,10.343595,11.143595,11.943595,12.673595,12.773595,12.933595,12.6335945,12.293595,11.893595,11.483595,11.153595,10.913595,10.693595,10.393595,9.8835945,9.463595,8.663595,8.373595,7.953595,7.633595,7.763595,8.173595,8.233595,8.463595,8.373595,8.253595,8.093595,8.413595,8.833595,9.183595,9.323595,9.573595,9.233595,8.953595,8.523595,7.493595,6.783595,5.453595,4.323595,3.593595,4.363595,3.963595,4.793595,2.203595,0.28359497,-0.29640502,-0.31640503,0.35359496
8.413595,8.623595,8.873595,9.3835945,9.053595,8.553595,8.453595,8.953595,9.123595,9.663595,10.743595,11.503595,12.153595,12.763595,13.313595,13.583595,13.613595,13.433595,12.923595,12.263595,11.693595,11.273595,10.963595,10.753595,10.543595,10.123595,9.993595,8.993595,8.603595,8.033595,7.833595,7.673595,7.663595,8.333595,8.913595,9.043595,8.853595,9.003595,8.543595,8.843595,9.153595,9.203595,9.233595,9.643595,10.003595,9.443595,8.963595,8.143595,6.823595,6.333595,2.313595,3.2535949,2.673595,7.033595,6.493595,7.803595,2.943595,3.213595,4.303595
8.513595,8.723595,8.813595,8.813595,8.233595,8.213595,8.373595,8.423595,9.793595,10.6335945,10.743595,10.893595,11.093595,11.753595,12.503595,12.863595,12.803595,12.513595,12.143595,11.963595,11.683595,11.283595,10.803595,10.3835945,10.103595,9.593595,9.263595,9.253595,8.813595,8.163595,8.193595,8.073595,7.703595,7.263595,8.053595,8.553595,8.503595,8.453595,8.163595,8.243595,9.173595,9.753595,9.793595,9.843595,9.593595,9.843595,10.033595,9.3835945,7.733595,7.513595,7.653595,8.553595,4.783595,-1.956405,3.623595,5.753595,7.153595,5.113595,6.8935947
8.263595,8.243595,8.013595,7.563595,7.863595,7.773595,7.883595,9.023595,9.1335945,9.203595,9.733595,10.913595,12.443595,13.293595,13.3835945,13.723595,13.853595,13.023595,12.003595,10.913595,10.463595,10.183595,9.943595,9.403595,9.023595,9.043595,8.793595,8.693595,8.893595,8.693595,8.643595,8.293595,7.603595,6.783595,6.043595,5.273595,5.673595,4.483595,5.613595,5.983595,7.263595,9.283595,9.963595,9.6335945,9.933595,10.213595,9.803595,9.643595,10.263595,9.293595,9.113595,8.3835945,5.793595,2.953595,1.393595,2.293595,3.7635949,4.823595,2.223595
8.033595,7.713595,7.293595,7.463595,7.313595,7.453595,8.423595,8.173595,8.233595,8.913595,10.253595,10.833595,10.403595,10.843595,10.663595,11.253595,11.643595,11.303595,10.543595,9.6335945,8.803595,8.523595,8.423595,8.283595,8.273595,8.323595,8.403595,8.583595,8.683595,8.823595,8.573595,8.193595,7.653595,7.233595,6.133595,5.093595,3.983595,3.573595,3.913595,4.533595,4.513595,5.443595,8.353595,8.833595,8.703595,9.283595,9.903595,9.843595,9.073595,8.863595,8.373595,6.513595,6.383595,5.313595,5.503595,4.513595,2.233595,0.20359497,1.903595
6.963595,6.773595,7.033595,6.723595,6.833595,7.913595,7.413595,7.553595,8.043595,8.823595,9.303595,8.563595,8.233595,7.233595,8.013595,8.283595,9.123595,8.523595,6.993595,6.463595,6.523595,6.793595,6.763595,6.913595,7.023595,7.483595,7.843595,8.063595,8.043595,7.733595,7.713595,7.403595,7.033595,6.863595,7.183595,6.863595,6.453595,6.203595,5.483595,4.803595,4.883595,4.263595,3.713595,4.493595,5.563595,5.063595,4.273595,4.533595,5.653595,6.263595,6.353595,6.063595,4.933595,5.953595,6.833595,7.673595,7.843595,8.843595,8.433595
6.693595,6.943595,6.023595,6.583595,7.353595,7.493595,6.403595,7.303595,8.083595,8.403595,8.063595,6.3935947,6.053595,5.043595,4.273595,2.683595,1.123595,0.78359497,2.363595,3.153595,4.343595,5.093595,5.213595,4.913595,5.443595,6.573595,7.213595,7.323595,7.203595,6.553595,6.633595,7.033595,6.883595,6.383595,6.993595,7.263595,7.043595,6.233595,6.093595,5.803595,4.673595,4.633595,3.743595,2.603595,1.773595,1.223595,1.3335949,1.843595,2.413595,2.993595,3.353595,3.703595,4.333595,5.453595,6.773595,7.653595,8.473595,9.943595,10.973595
6.1235948,5.533595,6.113595,7.063595,7.103595,6.263595,5.963595,7.1235948,7.193595,6.813595,6.333595,4.983595,4.013595,2.873595,2.0135949,1.343595,0.20359497,0.40359497,1.023595,2.303595,3.633595,4.353595,4.693595,4.613595,5.103595,5.843595,6.563595,7.063595,6.903595,6.323595,5.6235948,5.013595,5.3935947,6.163595,6.733595,7.193595,7.383595,7.003595,6.243595,5.583595,5.563595,5.193595,4.863595,4.443595,3.323595,1.913595,1.053595,0.813595,1.503595,2.583595,3.403595,4.203595,5.223595,6.8735948,8.203595,8.443595,8.663595,9.363595,10.323595
5.003595,5.703595,6.333595,6.793595,6.493595,5.343595,5.683595,6.333595,5.353595,4.913595,4.113595,2.663595,2.173595,1.283595,0.563595,0.25359496,0.84359497,1.343595,2.083595,2.843595,3.2735949,3.953595,4.673595,4.953595,5.053595,5.293595,5.663595,6.043595,6.413595,6.953595,7.153595,7.283595,7.133595,7.053595,6.863595,6.963595,7.003595,7.133595,7.223595,7.013595,6.483595,6.053595,6.053595,5.863595,4.783595,3.873595,3.0035949,2.663595,2.783595,3.143595,2.793595,2.343595,2.803595,3.983595,4.513595,4.673595,5.033595,5.573595,6.353595
5.293595,6.033595,6.263595,6.133595,5.333595,4.1235948,5.283595,5.013595,4.1435947,3.7735949,3.183595,2.663595,2.673595,2.5035949,2.543595,2.193595,1.663595,1.143595,0.713595,1.223595,2.923595,4.3935947,5.1235948,5.443595,5.3735948,5.183595,5.293595,5.503595,5.833595,6.243595,6.983595,8.153595,8.963595,9.073595,8.863595,8.703595,8.6335945,8.743595,8.563595,7.8735948,7.093595,6.603595,6.153595,5.833595,5.283595,4.333595,3.733595,3.643595,3.803595,3.643595,3.063595,2.843595,3.313595,4.003595,4.6435947,5.153595,5.533595,5.603595,5.593595
5.563595,5.793595,5.273595,4.903595,3.213595,3.713595,4.603595,4.553595,4.033595,3.623595,3.493595,3.583595,3.733595,4.263595,4.243595,4.043595,3.863595,3.913595,3.923595,4.063595,4.013595,3.613595,3.463595,3.623595,3.803595,4.343595,5.083595,5.733595,6.173595,6.363595,6.553595,6.573595,6.693595,6.673595,6.663595,7.163595,8.653595,10.393595,10.983595,10.083595,8.643595,7.563595,7.093595,6.743595,6.063595,5.213595,4.403595,3.663595,2.983595,2.733595,2.803595,2.963595,3.213595,3.663595,4.023595,4.133595,4.323595,4.653595,4.833595
4.723595,4.133595,3.903595,3.193595,3.293595,3.363595,3.7635949,4.233595,3.853595,3.893595,3.573595,3.673595,3.863595,2.873595,2.313595,2.203595,2.303595,2.2635949,2.603595,3.383595,4.463595,5.363595,5.703595,5.783595,6.1435947,6.523595,7.093595,7.423595,7.923595,8.453595,8.903595,8.8835945,8.733595,8.713595,9.073595,9.243595,9.583595,9.973595,9.943595,9.6335945,9.343595,8.873595,7.8935947,6.8735948,6.363595,5.663595,4.463595,3.683595,3.053595,2.743595,2.923595,2.783595,2.443595,2.5135949,2.573595,2.733595,3.103595,3.563595,3.573595
2.633595,2.783595,2.843595,3.143595,4.163595,4.413595,4.553595,4.733595,4.633595,4.263595,3.783595,3.243595,1.743595,0.92359495,0.773595,0.34359497,-0.12640503,-0.076405026,0.38359496,1.103595,1.843595,2.693595,3.563595,4.313595,4.953595,5.443595,6.013595,6.6435947,6.953595,7.1235948,7.113595,7.023595,7.453595,8.293595,9.113595,10.023595,10.463595,10.423595,10.433595,9.993595,9.373595,8.553595,7.833595,7.133595,6.183595,5.093595,4.213595,3.583595,3.043595,2.463595,2.243595,2.2635949,2.063595,2.0035949,2.193595,2.693595,3.103595,3.173595,2.823595
1.533595,2.043595,2.623595,3.053595,3.323595,3.5135949,3.783595,3.543595,3.0035949,2.593595,2.213595,1.633595,0.85359496,0.513595,0.05359497,-0.43640503,-0.90640503,-1.226405,-1.216405,-1.256405,-1.1664051,-0.69640505,-0.0064050294,1.013595,2.103595,3.093595,3.853595,4.173595,4.3935947,4.913595,5.6435947,6.543595,7.513595,8.253595,8.623595,8.313595,7.233595,5.923595,5.413595,5.753595,6.083595,6.333595,6.353595,5.773595,5.1235948,4.183595,3.0235949,2.293595,2.0135949,1.753595,1.3235949,1.0835949,0.953595,1.0635949,1.473595,1.5635949,1.603595,0.97359496,0.44359496
