public/data/weather/current/current-wind-surface-level-gfs-1.0.json
{"header": {"discipline":0,"disciplineName":"Meteorological products","gribEdition":2,"gribLength":74534,"center":7,"centerName":"US National Weather Service - NCEP(WMC)","subcenter":0,"refTime":"2018-01-11T06:00:00.000Z","significanceOfRT":1,"significanceOfRTName":"Start of forecast","productStatus":0,"productStatusName":"Operational products","productType":1,"productTypeName":"Forecast products","productDefinitionTemplate":0,"productDefinitionTemplateName":"Analysis/forecast at horizontal level/layer at a point in time","parameterCategory":2,"parameterCategoryName":"Momentum","parameterNumber":3,"parameterNumberName":"V-component_of_wind","parameterUnit":"m.s-1","genProcessType":2,"genProcessTypeName":"Forecast","forecastTime":3,"surface1Type":103,"surface1TypeName":"Specified height level above ground","surface1Value":10,"surface2Type":255,"surface2TypeName":"Missing","surface2Value":0,"gridDefinitionTemplate":0,"gridDefinitionTemplateName":"Latitude_Longitude","numberPoints":65160,"shape":6,"shapeName":"Earth spherical with radius of 6,371,229.0 m","gridUnits":"degrees","resolution":48,"winds":"true","scanMode":0,"nx":360,"ny":181,"basicAngle":0,"lo1":0,"la1":90,"lo2":359,"la2":-90,"dx":1,"dy":1}, "data":
[rows 130 to 155 of 181, columns 58 to 115 of 360]
9.487097,8.737097,7.207097,5.587097,4.207097,3.1170971,2.0270972,1.0170971,0.12709717,-0.022902831,0.30709717,1.0470972,1.8570971,1.5170971,1.2770972,0.6470972,-0.40290284,-3.822903,-8.472903,-13.092903,-15.442903,-17.692904,-19.402903,-19.902903,-18.062902,-16.932903,-15.002903,-13.202903,-11.492903,-9.882903,-8.532903,-7.372903,-6.142903,-5.082903,-4.122903,-3.4329028,-1.5529028,-0.52290285,1.0070971,1.6370971,2.457097,2.3070972,2.0570972,2.0570972,2.147097,1.9670972,1.5770972,0.91709715,0.017097168,-0.39290282,-0.40290284,-0.13290283,0.72709715,1.2970972,0.8070972,1.9770972,5.2570972,6.8870974
9.347097,8.037097,7.147097,5.667097,4.337097,3.2970972,2.0170972,0.8770972,0.18709716,-0.06290283,0.90709716,2.0470972,2.3370972,2.0670972,1.7070972,1.8470972,0.78709716,-2.2129028,-7.6529026,-11.792903,-15.032903,-17.902903,-22.002903,-21.602903,-19.242903,-17.942904,-16.002903,-14.212903,-12.172903,-10.452903,-9.132903,-8.042903,-7.122903,-5.9029026,-5.162903,-3.9029028,-2.7829027,-1.2829028,0.07709717,0.6970972,1.2970972,1.7170972,1.7770972,2.1070971,2.407097,2.0970972,1.7070972,1.0470972,0.60709715,0.21709716,-0.112902835,-0.16290283,-0.57290286,-0.41290283,-1.0429028,1.9370972,3.8470972,5.687097
9.457097,9.917097,9.057097,7.1970973,5.417097,3.8370972,1.8770971,0.07709717,-0.25290284,0.41709718,1.0570972,1.8270972,2.2270973,2.2170973,2.7770972,3.167097,2.5670972,0.61709714,-4.642903,-10.502903,-15.452903,-19.122902,-24.112904,-23.642902,-20.452904,-18.802902,-17.032904,-15.122903,-12.862903,-10.962903,-9.582903,-8.622903,-7.5729027,-6.3829026,-5.432903,-4.522903,-3.6829028,-2.312903,-0.91290283,-0.27290285,0.22709717,0.6270972,0.72709715,0.9470972,1.2570971,1.6770972,1.6170971,1.0570972,0.43709716,0.26709718,0.44709718,0.46709716,-0.34290284,-3.812903,-0.8729028,0.84709716,2.647097,4.567097
10.327097,11.407097,10.427097,7.807097,6.1570973,4.227097,3.2170973,2.5470972,1.9070972,2.2270973,2.957097,3.677097,3.8170972,3.3770971,3.1370971,3.147097,3.0670972,2.677097,0.6870972,-8.422903,-15.782903,-21.942904,-25.612904,-23.852903,-21.312902,-19.202904,-17.592903,-15.702903,-13.362903,-11.442903,-10.112903,-9.052903,-8.0229025,-6.682903,-5.732903,-4.812903,-3.9129028,-2.9629028,-2.072903,-1.2729028,-0.8629028,-0.29290283,-0.002902832,0.25709715,0.12709717,0.23709717,0.04709717,0.027097167,0.027097167,-0.20290284,0.21709716,-1.8829029,-5.182903,-2.6129029,-1.0629028,0.5170972,1.6370971,3.457097
9.267097,10.457097,9.777097,8.107098,6.997097,6.3870974,6.227097,6.267097,5.807097,4.527097,3.3770971,2.9870973,2.917097,2.7270973,2.907097,3.0270972,2.8870971,2.897097,2.697097,-9.482903,-17.272903,-24.812902,-25.342903,-23.112904,-20.782904,-19.102903,-17.582903,-15.372903,-13.182903,-11.742903,-10.492903,-9.5229025,-8.552903,-7.5329027,-6.3829026,-5.462903,-4.642903,-3.8829029,-2.9229028,-1.9729028,-1.0229028,-0.76290286,-0.22290283,0.13709716,0.38709718,0.48709717,0.24709716,-0.41290283,-1.2029028,-1.4729028,-3.1529028,-6.082903,-3.9629028,-2.2429028,-0.84290284,0.35709718,1.0270972,2.2370973
8.427097,8.487097,8.527097,8.577097,8.377097,7.687097,6.607097,5.787097,5.0970974,4.517097,4.1570973,3.8470972,3.3870971,2.677097,2.0170972,1.9270972,1.7870972,1.5370972,0.52709717,-13.492903,-20.412903,-22.432903,-22.522903,-20.862904,-19.442904,-18.342903,-17.172903,-15.392902,-13.632903,-12.152903,-10.732903,-9.582903,-8.662903,-7.5929027,-6.5729027,-5.502903,-4.4929028,-3.4529028,-2.4629028,-1.5429028,-0.76290286,0.36709717,1.0170971,1.2470971,1.5670972,1.9770972,2.147097,1.8270972,0.21709716,-2.602903,-7.702903,-5.4929028,-3.5329027,-2.042903,-0.21290283,0.72709715,0.8170972,1.6970972
9.917097,9.147098,8.817097,8.397098,7.9670973,7.8870974,7.1970973,6.727097,6.057097,4.767097,3.8870971,2.7370973,1.6570972,0.5570972,-0.37290284,-0.44290283,-1.0629028,-1.7029028,-2.312903,-10.622903,-18.592903,-20.362904,-18.672903,-18.202904,-18.082903,-17.462902,-16.412903,-14.682903,-12.782903,-11.342903,-10.192903,-9.152903,-8.032903,-7.1329026,-5.942903,-4.7629027,-3.6129029,-2.9429028,-2.6329029,-1.8629029,-1.1929028,-0.13290283,1.1470971,1.9570972,2.0170972,1.6170971,1.9470972,2.0470972,0.6370972,-8.122903,-8.112903,-5.772903,-3.1229029,-0.89290285,0.057097167,0.66709715,1.3270972,1.9370972
11.147098,10.937098,9.747097,9.297097,9.257097,8.987097,8.637097,8.527097,8.347097,7.807097,6.8470974,5.7170973,3.437097,0.32709718,-2.1229029,-4.1529026,-5.622903,-6.2629027,-6.602903,-13.622903,-16.142902,-18.072903,-18.952904,-18.212902,-17.022903,-16.132902,-15.052903,-13.372903,-11.882903,-10.582903,-9.602902,-8.982903,-8.312902,-6.8429027,-5.6529026,-4.892903,-4.002903,-3.052903,-1.9529028,-1.1229029,-0.5629028,0.097097166,0.53709716,1.1070971,1.9870971,2.7670972,3.4970973,2.707097,-3.1529028,-10.232903,-8.592903,-5.122903,-2.5229027,-1.1629028,0.12709717,0.65709716,1.2670971,1.9570972
10.327097,10.487097,10.337097,10.187098,10.177097,10.2270975,10.357098,9.857098,10.777097,10.837097,10.597097,9.557097,7.087097,3.2370973,-7.0129027,-12.072903,-12.132903,-10.982903,-11.642902,-15.392902,-14.592903,-19.512903,-18.372902,-17.432903,-17.122902,-15.862903,-14.562902,-13.212903,-11.702903,-10.982903,-10.112903,-9.072903,-8.012903,-7.102903,-6.0929027,-4.6329026,-3.4929028,-2.822903,-2.0329027,-1.4229028,-1.2429029,-0.13290283,1.5870972,2.187097,2.3070972,2.687097,2.5670972,0.8870972,-8.802903,-9.622903,-7.122903,-5.0929027,-3.802903,-2.0329027,-0.46290284,0.36709717,1.2770972,1.6170971
9.567097,10.237097,10.4770975,10.597097,11.127097,11.147098,11.467097,11.497097,12.447097,13.207097,13.627097,15.857098,19.737097,11.037097,-16.042902,-18.912903,-17.612904,-14.892902,-15.002903,-16.982903,-15.492903,-17.052902,-18.332903,-20.092903,-17.312902,-15.352902,-13.952903,-12.642902,-11.572903,-10.422903,-9.302903,-8.402903,-7.212903,-5.962903,-5.2429028,-4.5329027,-3.852903,-3.6329029,-2.9029028,-1.4029028,-0.21290283,0.40709716,1.6870972,2.407097,2.647097,2.8570971,2.437097,-5.432903,-11.192903,-10.002903,-7.7629027,-6.2829027,-4.3029027,-2.1629028,-0.9329028,0.04709717,0.46709716,0.5170972
9.167097,10.027097,10.847097,11.247097,12.087097,12.327097,12.667097,12.647098,13.567097,14.707097,15.837097,16.997097,20.717096,6.667097,-6.312903,-10.632903,-13.132903,-13.462903,-14.922903,-16.392902,-17.382902,-16.142902,-16.882902,-15.122903,-14.482903,-14.312902,-13.582903,-12.102902,-10.352902,-9.482903,-8.532903,-7.6329026,-6.942903,-6.3629026,-5.622903,-4.412903,-3.572903,-2.6829028,-1.9329028,-1.3029028,-0.13290283,1.3270972,2.207097,2.0970972,1.7970972,2.0370972,1.8770971,-10.002903,-11.682903,-10.212903,-8.372903,-6.2629027,-4.1529026,-2.4429028,-1.7329029,-1.1029029,-0.47290283,-0.052902833
8.707097,9.877097,10.917097,11.607098,12.287097,12.737097,12.997097,13.287097,13.647098,14.367097,15.647098,16.917097,18.257097,18.537098,8.887097,-4.312903,-9.582903,-9.662903,-11.332903,-13.922903,-14.862903,-15.842903,-16.182903,-15.732903,-14.672903,-13.252903,-12.322903,-11.402903,-10.552903,-9.982903,-9.262903,-8.052903,-6.7829027,-5.922903,-5.2629027,-4.442903,-3.5029027,-2.602903,-1.4929029,0.017097168,1.1470971,1.8170972,1.9570972,1.9470972,2.3070972,2.447097,-2.7529027,-12.0229025,-11.282903,-9.692903,-7.932903,-6.122903,-4.3629026,-3.042903,-2.062903,-1.2629029,-0.76290286,-0.6829028
8.037097,8.887097,10.177097,11.137097,11.647098,12.137097,12.917097,13.197097,13.667097,13.667097,14.107098,14.357098,14.467097,13.677097,12.997097,8.9770975,5.557097,3.5770972,-0.53290284,-6.832903,-11.042903,-12.602902,-15.632903,-16.512903,-15.042903,-14.042903,-12.832903,-11.342903,-9.7729025,-8.632903,-7.7829027,-6.962903,-6.0729027,-5.3629026,-4.812903,-4.082903,-3.302903,-2.552903,-1.6729028,-0.84290284,0.15709716,0.9370972,1.6270971,2.2970972,2.0270972,-0.9829028,-10.592903,-11.652903,-10.492903,-8.922903,-7.2829027,-5.9029026,-4.752903,-3.6129029,-2.4629028,-1.6129029,-1.2229028,-1.2829028
7.6170974,8.197097,8.747097,10.367097,11.197097,11.597097,12.147098,12.897098,13.207097,12.987097,13.347097,13.357098,13.007097,11.857098,9.607098,7.417097,5.4470973,4.1970973,1.9570972,0.27709717,0.21709716,-2.342903,-5.932903,-7.6529026,-9.152903,-9.562902,-9.092903,-8.282903,-7.252903,-6.232903,-5.7429028,-4.892903,-4.442903,-4.332903,-3.9029028,-3.5129027,-2.7729027,-2.2029028,-1.7829028,-0.9429028,0.007097168,1.0870972,1.4870971,1.0770972,-2.2429028,-11.052903,-12.512903,-11.482903,-9.792903,-8.482903,-7.1329026,-5.952903,-4.732903,-3.352903,-2.4829028,-2.1529028,-1.8829029,-1.8729029
7.2570972,7.827097,7.817097,9.157097,10.287097,11.077097,11.577097,11.617097,12.397098,12.507097,12.797097,13.217097,12.817097,12.287097,11.027097,8.057097,3.8270972,0.6370972,-0.9329028,-2.2829027,-3.6929028,-4.412903,-4.832903,-5.442903,-5.932903,-5.852903,-5.8429027,-5.812903,-5.3829026,-4.942903,-4.662903,-4.172903,-3.4729028,-2.8629029,-2.8929029,-2.9229028,-2.8729029,-2.4629028,-1.8229028,-0.8629028,0.21709716,0.79709715,0.78709716,-2.102903,-10.432903,-11.372903,-10.282903,-9.932903,-9.122903,-8.092903,-6.892903,-5.832903,-4.142903,-3.2329028,-3.1729028,-2.1629028,-1.4229028,-0.84290284
6.9270973,7.127097,7.067097,7.7570972,9.027097,9.9770975,10.327097,10.387097,10.867097,11.007097,11.027097,12.017097,12.9770975,12.987097,11.317097,8.737097,5.2170973,0.67709714,-2.8629029,-4.0129027,-4.162903,-4.712903,-5.312903,-5.872903,-6.192903,-6.212903,-5.972903,-5.5729027,-5.252903,-5.0129027,-4.622903,-4.2629027,-3.842903,-3.6829028,-3.572903,-3.552903,-3.302903,-2.5129027,-1.1129029,-0.24290283,0.33709717,0.34709716,-3.9229028,-9.972903,-10.382903,-9.302903,-8.2729025,-7.5329027,-7.502903,-7.022903,-6.3829026,-5.192903,-3.832903,-3.3629029,-2.5029027,-1.6529028,-1.0529028,-0.8029028
6.4670973,6.807097,6.4270973,6.497097,7.897097,8.967097,8.437098,8.847097,9.937098,10.607098,10.917097,11.437098,12.237097,12.207097,11.877097,10.427097,5.557097,1.6770972,-0.9429028,-2.802903,-3.852903,-4.6529026,-5.4029026,-5.752903,-5.712903,-5.562903,-4.972903,-5.042903,-5.542903,-5.522903,-4.832903,-4.5129027,-4.332903,-4.002903,-3.0029027,-2.2529027,-1.7829028,-1.2829028,-0.8729028,-0.082902834,-1.8029028,-6.852903,-9.422903,-9.5229025,-8.712903,-8.132903,-7.602903,-7.202903,-6.682903,-6.0529027,-5.432903,-4.6329026,-3.852903,-3.2229028,-2.6229029,-2.0129027,-1.5129029,-1.2329029
5.727097,5.877097,5.167097,5.397097,7.087097,7.877097,7.247097,7.877097,9.317097,9.517097,10.057097,10.927097,11.7270975,12.037097,12.237097,11.537097,8.697097,4.567097,1.6370971,0.32709718,-0.8729028,-2.1629028,-2.842903,-3.082903,-3.0129027,-2.9029028,-2.832903,-2.3829029,-2.332903,-3.102903,-4.142903,-4.3429027,-4.172903,-3.7629027,-3.1829028,-2.2829027,-1.4329028,-0.58290285,-3.1329029,-5.9929028,-6.5529027,-6.8629026,-6.912903,-7.0329027,-7.432903,-7.222903,-6.8829026,-6.292903,-5.6129026,-4.972903,-4.252903,-3.6329029,-3.1429029,-2.8829029,-2.602903,-2.2229028,-2.0029027,-1.9429028
4.417097,4.307097,3.5470972,4.667097,6.287097,6.077097,5.977097,6.567097,7.937097,7.9470973,8.267097,9.067097,9.607098,10.707097,11.617097,11.597097,10.197097,8.177097,5.9670973,3.927097,2.7170973,2.157097,1.5870972,0.79709715,0.14709717,-0.51290286,-1.1729028,-1.8329028,-2.102903,-2.1729028,-2.4729028,-2.292903,-2.302903,-2.072903,-1.3029028,-2.1229029,-5.0129027,-5.892903,-5.332903,-5.372903,-5.522903,-5.832903,-6.002903,-5.942903,-5.772903,-5.412903,-4.8829026,-4.292903,-3.6129029,-2.9829028,-2.572903,-2.332903,-2.102903,-2.0329027,-2.1729028,-2.4329028,-2.7229028,-2.9429028
3.4970973,2.8170972,2.447097,4.7570972,5.147097,5.027097,4.807097,4.767097,5.6770973,5.997097,6.0070972,6.9070973,7.8670974,8.667097,9.247097,9.837097,9.897098,9.267097,7.917097,6.687097,5.9070973,5.1170974,4.1970973,3.2170973,2.2970972,1.1770972,0.30709717,-0.29290283,-0.84290284,-1.1029029,-1.0829028,-1.4629028,-2.6129029,-4.192903,-4.472903,-4.182903,-4.2629027,-4.482903,-4.6529026,-4.702903,-4.672903,-4.582903,-4.482903,-4.292903,-3.8829029,-3.3929029,-2.8929029,-2.2829027,-1.7229028,-1.4329028,-1.4229028,-1.5529028,-1.7529029,-2.0029027,-2.4929028,-3.322903,-4.232903,-4.772903
2.157097,1.0070971,2.447097,4.647097,3.947097,4.277097,3.5370972,3.8570971,4.0970974,4.107097,4.337097,4.8670974,5.957097,6.6970973,7.0970974,7.4070973,7.6370974,7.727097,7.547097,7.077097,6.6170974,6.287097,6.0970974,5.687097,5.057097,4.2170973,3.177097,1.7870972,0.73709714,-0.31290284,-1.3329028,-2.2529027,-2.9129028,-3.4529028,-3.8729029,-4.0529027,-3.9929028,-3.6729028,-3.4429028,-3.2029028,-2.9429028,-2.7129028,-2.332903,-1.8529029,-1.3729029,-0.8629028,-0.64290285,-0.44290283,0.24709716,0.5570972,1.0870972,1.6270971,1.0070971,-0.032902833,-0.36290282,-0.8129028,-1.9229028,-3.7529027
0.45709717,1.0470972,2.5070972,3.197097,3.1370971,2.707097,1.7570971,2.8570971,3.197097,2.707097,2.5270972,3.397097,4.4870973,5.067097,5.527097,5.857097,5.8870974,5.727097,5.577097,5.527097,5.497097,5.307097,4.9470973,4.547097,4.067097,3.4770973,2.7370973,1.9170972,0.78709716,-0.17290284,-1.0629028,-1.8729029,-2.562903,-2.9029028,-2.9929028,-2.9729028,-2.6929028,-2.2629027,-1.8529029,-1.3829029,-0.7529028,-0.13290283,0.30709717,0.52709717,0.5170972,0.38709718,0.017097168,0.16709717,0.9470972,1.4770972,2.0170972,2.3670971,1.3270972,-0.70290285,-1.2329029,-0.7929028,-1.4429028,-2.552903
1.5170971,1.6470971,1.7670971,1.6970972,0.8770972,-0.032902833,0.5070972,1.6870972,2.197097,1.6970972,1.7170972,2.3670971,2.9870973,3.7170973,3.907097,3.897097,4.057097,4.1770973,3.7770972,3.397097,3.2570972,3.0670972,2.7770972,2.4970973,2.157097,2.0970972,1.9970971,1.4970971,0.9470972,0.38709718,-0.14290284,-0.5529028,-1.2229028,-1.3329028,-1.5429028,-1.1029029,-0.88290286,-0.43290284,0.16709717,1.0770972,1.7870972,1.8770971,1.6170971,1.2370971,0.7570972,0.41709718,0.52709717,0.9470972,1.1770972,1.5570972,2.1070971,2.167097,2.0070972,1.5070971,0.10709717,-1.2329029,-1.8129028,-2.352903
2.5670972,2.1170971,0.92709714,-0.29290283,-0.5529028,-1.0829028,-0.35290283,0.98709714,1.5370972,1.2070972,1.2770972,1.9570972,2.2370973,2.7270973,3.1270971,3.2970972,3.3670971,3.447097,3.177097,2.5670972,1.8670971,1.6370971,1.6970972,1.5370972,1.2670971,1.0070971,0.86709714,0.9370972,1.0770972,0.7070972,-0.002902832,-0.38290283,-0.43290284,-0.28290284,-0.16290283,0.16709717,0.8070972,1.4870971,1.6970972,1.2470971,0.91709715,0.7670972,0.7570972,0.92709714,1.1370971,1.4170972,2.0970972,2.647097,2.9670973,2.9970973,2.907097,2.937097,3.0570972,2.8570971,1.2870972,-1.5829028,-3.2729027,-3.792903
1.4970971,1.2170972,1.2270972,0.48709717,-0.9829028,-1.4929029,-0.8529028,0.16709717,0.73709714,0.65709716,0.78709716,1.0770972,0.91709715,1.5670972,2.4670973,2.7270973,2.7670972,2.657097,2.457097,2.147097,1.8070972,1.5170971,1.4270972,1.4470972,1.3370972,0.9970972,1.1670972,1.4870971,1.8370972,1.7770972,1.5570972,1.7970972,1.8770971,1.6170971,1.1470971,0.6270972,0.6970972,0.79709715,0.71709716,0.8770972,1.1070971,1.4170972,1.6770972,2.167097,2.4870973,2.8870971,3.437097,3.8270972,4.1770973,4.087097,3.647097,3.3770971,3.5070972,3.657097,3.687097,3.437097,3.3170972,3.417097
4.6570973,1.3070972,1.4770972,0.72709715,-1.3329028,-1.6429029,-0.7329028,-0.17290284,0.32709718,0.43709716,0.37709716,0.41709718,0.5170972,1.3570971,2.7170973,3.4870973,3.4770973,2.697097,1.7370971,1.2070972,0.9570972,0.84709716,0.9470972,0.72709715,0.7470972,1.1770972,1.4070972,1.3870971,1.6770972,2.147097,2.3170972,1.6470971,0.5070972,0.057097167,0.25709715,0.49709716,0.6970972,0.6370972,0.77709717,1.2970972,1.5170971,1.5970972,1.6970972,2.5870972,2.3870971,2.8870971,3.2170973,3.2270973,3.437097,4.167097,4.707097,3.8670971,2.7770972,3.0070972,4.1570973,4.707097,4.3670974,3.6370971
