public/data/weather/current/current-wind-surface-level-gfs-1.0.json
{"header": {"discipline":0,"disciplineName":"Meteorological products","gribEdition":2,"gribLength":74974,"center":7,"centerName":"US National Weather Service - NCEP(WMC)","subcenter":0,"refTime":"2018-01-10T12:00:00.000Z","significanceOfRT":1,"significanceOfRTName":"Start of forecast","productStatus":0,"productStatusName":"Operational products","productType":1,"productTypeName":"Forecast products","productDefinitionTemplate":0,"productDefinitionTemplateName":"Analysis/forecast at horizontal level/layer at a point in time","parameterCategory":2,"parameterCategoryName":"Momentum","parameterNumber":3,"parameterNumberName":"V-component_of_wind","parameterUnit":"m.s-1","genProcessType":2,"genProcessTypeName":"Forecast","forecastTime":3,"surface1Type":103,"surface1TypeName":"Specified height level above ground","surface1Value":10,"surface2Type":255,"surface2TypeName":"Missing","surface2Value":0,"gridDefinitionTemplate":0,"gridDefinitionTemplateName":"Latitude_Longitude","numberPoints":65160,"shape":6,"shapeName":"Earth spherical with radius of 6,371,229.0 m","gridUnits":"degrees","resolution":48,"winds":"true","scanMode":0,"nx":360,"ny":181,"basicAngle":0,"lo1":0,"la1":90,"lo2":359,"la2":-90,"dx":1,"dy":1}, "data":
[rows 26 to 51 of 181, columns 0 to 57 of 360]
9.338203,7.778203,5.678203,3.2982032,0.3282031,0.37820312,0.8582031,1.3082031,1.8582032,5.138203,5.928203,0.6882031,1.2682031,3.438203,2.168203,0.5282031,-0.33179688,0.028203124,-0.051796876,-0.5017969,-0.7617969,-0.091796875,0.3582031,1.0082031,0.56820315,-0.7617969,-1.3417969,-1.6817969,-2.271797,-2.071797,-2.1917968,-2.251797,-1.9417969,-1.7817969,-1.7117969,-1.4117969,-0.7017969,-2.9317968,-2.3517969,-1.5517969,-1.4817969,-1.8917968,-2.001797,-2.1317968,-2.231797,-2.6617968,-3.061797,-1.9017968,-1.9017968,-2.1617968,-2.471797,-2.4317968,-3.081797,-3.4417968,-3.9117968,-2.8517969,-2.491797,-2.6617968
9.958203,8.2582035,4.658203,1.5482031,-0.7817969,-3.521797,0.76820314,2.738203,2.8182032,2.998203,5.408203,6.948203,4.738203,3.928203,2.428203,2.208203,1.0782031,0.8082031,-0.5617969,0.15820312,0.81820315,1.5782031,1.1382031,0.49820313,0.048203126,-0.99179685,-1.6817969,-1.4717969,-1.6717969,-1.8117969,-2.011797,-1.7917969,-1.6017969,-1.8417969,-1.8117969,-1.2417969,-1.0317969,-1.3817968,-1.5117968,-0.93179685,-1.3117969,-1.0317969,-1.5217968,-2.081797,-2.551797,-2.261797,-2.8417969,-2.8717968,-2.3417969,-2.261797,-2.1817968,-2.3717968,-2.4517968,-2.981797,-3.6517968,-3.1017969,-2.6517968,-2.7017968
10.048203,9.618203,5.898203,1.4882032,-1.2017969,-0.061796874,1.4082031,1.8882031,1.6282032,1.1882031,2.0382032,1.1382031,2.008203,1.0382031,0.8682031,0.83820313,-0.27179688,-0.20179687,1.5982032,2.218203,1.5982032,1.3482032,0.8082031,-0.021796875,-0.5217969,-0.85179687,-1.1417968,-1.5117968,-1.4817969,-2.001797,-1.8517969,-1.9917969,-1.4017968,-0.9517969,-0.30179688,-2.7117968,-0.86179686,-0.061796874,-0.7117969,-1.0917969,-0.46179688,-0.9617969,-1.4217969,-0.8417969,-2.1017969,-2.4317968,-2.311797,-2.251797,-2.241797,-1.6217968,-2.021797,-2.3517969,-1.9717969,-2.781797,-3.1217968,-2.081797,-1.7617968,-2.5917969
9.958203,10.388203,8.988203,3.8882031,1.3282031,0.33820313,0.16820313,0.5382031,0.21820313,-1.8617969,-1.6917969,-1.9717969,-1.2217969,-0.7517969,-0.6517969,-0.48179686,0.36820313,0.14820312,1.0082031,2.428203,2.7882032,2.3582032,0.46820313,-0.29179686,-0.6417969,-1.1317968,-1.3317969,-1.3017969,-1.2817969,-0.87179685,-0.9017969,-2.9417968,-3.241797,-0.7017969,0.17820312,0.6082031,0.41820312,0.048203126,-0.001796875,-0.25179687,-0.66179687,-0.9017969,-1.1817969,-1.2817969,-1.7017969,-2.051797,-2.241797,-2.811797,-2.6417968,-2.551797,-2.261797,-2.821797,-2.561797,-2.781797,-2.481797,-3.261797,-1.8617969,-1.8117969
7.558203,8.908203,10.268203,8.858203,4.468203,0.9382031,-0.6317969,-0.66179687,-2.061797,-2.4117968,-2.081797,-2.571797,-1.1017969,-0.61179686,-0.20179687,-0.79179686,-1.0117968,-0.44179687,-0.061796874,1.0882031,1.3882031,1.4582031,0.46820313,-0.87179685,-1.2517968,-1.9117969,-2.4517968,-3.081797,-3.001797,-1.6317968,-0.9617969,-0.6417969,-0.33179688,0.028203124,0.9782031,0.9682031,0.62820315,0.81820315,0.038203124,-0.18179688,-0.93179685,-1.6317968,-2.321797,-2.071797,-2.031797,-1.9917969,-1.8117969,-2.081797,-2.531797,-2.251797,-2.801797,-2.221797,-2.3517969,-1.0817969,-1.3817968,-1.4617969,-1.2917969,-1.0917969
7.848203,7.718203,8.658203,10.178204,9.238203,4.508203,-0.011796875,-1.0717969,-2.3617969,-4.121797,-6.301797,-0.19179687,0.88820314,2.1582031,1.8582032,-0.18179688,0.09820312,0.07820313,0.44820312,1.7682031,1.8082031,2.1382031,2.0882032,1.4982032,0.44820312,0.12820312,-0.11179688,-0.041796874,0.5982031,0.64820313,0.58820313,0.40820312,0.6682031,0.40820312,0.25820312,1.0782031,0.6882031,0.21820313,-0.31179687,-0.121796876,-0.66179687,-1.3017969,-1.2117969,-1.3217969,-1.6417968,-1.5817969,-1.3817968,-2.241797,-1.7017969,-2.1117969,-1.9917969,-1.7617968,-2.491797,-1.3117969,-1.2017969,-1.0217968,-0.8917969,-0.67179686
5.318203,4.868203,5.928203,7.138203,6.838203,5.078203,1.6882031,-3.751797,-6.071797,0.9982031,3.458203,5.158203,1.2282032,2.1482031,2.448203,2.498203,1.6482031,4.2282033,4.108203,2.718203,2.5782032,2.1582031,2.498203,3.1482031,2.8682032,0.9682031,0.7882031,0.25820312,0.09820312,0.21820313,0.44820312,0.09820312,0.15820312,0.12820312,0.14820312,0.95820314,0.22820312,-0.11179688,-0.19179687,-0.34179688,-1.8017969,-1.0917969,-1.4317969,-1.4517969,-1.2217969,-1.3117969,-1.6917969,-1.7317969,-1.9717969,-2.6017969,-2.501797,-2.8817968,-2.6117969,-1.2417969,-1.6717969,-1.8617969,-1.1117969,-1.2417969
3.518203,3.3582032,4.138203,5.9182034,5.358203,3.768203,2.748203,2.418203,1.9582031,1.5882031,2.0482032,7.488203,6.278203,1.7082031,1.5582031,1.5682031,0.82820314,5.338203,3.9082031,4.378203,3.8582032,2.6182032,0.8582031,1.4282031,2.028203,0.89820313,1.1382031,1.0582031,0.9882031,0.63820314,0.30820313,0.5982031,0.3582031,-0.31179687,-0.30179688,0.12820312,-0.9517969,-0.61179686,-0.8217969,-0.55179685,-1.3317969,-1.7717968,-1.8617969,-2.781797,-2.4117968,-2.061797,-2.4617968,-2.8417969,-3.331797,-3.751797,-2.4417968,-1.9917969,-2.4117968,-2.471797,-3.1617968,-2.731797,-1.8817968,-0.41179687
3.6382031,3.8082032,2.8882031,4.298203,5.028203,4.888203,4.908203,4.778203,3.708203,2.1282032,2.268203,4.908203,4.278203,2.018203,1.5282031,3.008203,3.7982032,5.638203,6.178203,6.328203,5.9582033,2.3982031,1.2582031,1.0982032,1.0382031,0.95820314,0.8582031,1.1682031,1.1082032,0.64820313,0.31820312,0.088203125,-0.121796876,-0.061796874,-0.5117969,0.17820312,-0.18179688,-0.32179686,-0.7217969,-1.4117969,-1.7517968,-1.4417969,-1.6017969,-1.9417969,-2.471797,-2.8917968,-2.4217968,-2.831797,-2.6417968,-2.8817968,-3.2117968,-2.751797,-2.061797,-1.4717969,-0.47179687,-0.20179687,0.30820313,0.37820312
2.678203,2.8282032,2.6182032,3.0782032,4.7682033,4.198203,5.828203,5.868203,4.9982033,1.2982031,2.778203,3.688203,2.5882032,3.8682032,4.158203,3.0682032,5.568203,5.0382032,4.948203,6.158203,4.858203,2.198203,0.89820313,0.87820315,0.88820314,1.2182031,0.8482031,1.4982032,1.1982031,0.76820314,0.40820312,0.06820312,-0.48179686,-0.66179687,-0.3917969,-0.19179687,-0.22179687,-0.37179688,-0.68179685,-1.3917968,-2.261797,-2.1317968,-1.6217968,-1.6617969,-2.561797,-2.7017968,-3.241797,-2.581797,-3.041797,-4.891797,-3.9617968,-3.311797,-1.9117969,-1.6717969,-1.2617968,-1.0517969,-0.61179686,0.44820312
-0.29179686,0.34820312,3.008203,5.1882033,5.598203,5.4582033,5.568203,5.528203,5.058203,1.7382032,1.4782032,2.738203,1.7582031,1.2582031,2.528203,1.9182031,2.718203,2.3982031,1.6282032,1.6082032,2.708203,3.3982031,2.5982032,0.9782031,1.1082032,0.9882031,0.82820314,1.5482031,1.1782031,0.9682031,1.1382031,0.33820313,-0.86179686,-0.9017969,-0.73179686,-0.7217969,-0.92179686,-1.0317969,-1.2717968,-1.4217969,-1.8817968,-2.1417968,-3.2117968,-2.221797,-1.8617969,-3.1017969,-2.811797,-3.241797,-3.051797,-5.341797,-2.491797,-2.1317968,-2.321797,-1.8017969,-1.7917969,-1.1317968,-0.92179686,-0.21179688
-1.4517969,1.2182031,4.028203,6.7882032,8.498203,5.7282033,3.018203,2.7982032,2.3382032,2.0382032,1.5482031,1.3882031,1.5182031,1.2582031,1.5282031,1.6982031,0.5582031,0.7982031,1.0182031,1.5682031,2.1282032,1.8882031,2.4082031,2.0682032,1.7982031,1.6682031,0.9282031,0.6882031,0.5582031,0.6782031,1.1182032,0.9782031,0.3882031,-0.6917969,-0.9417969,-0.80179685,-0.66179687,-1.7617968,-2.011797,-1.6517968,-1.1517968,-1.6117969,-1.2917969,-1.5017968,-2.7117968,-2.5917969,-1.9417969,-2.9017968,-2.731797,-1.7917969,-1.4117969,-1.6817969,-1.7417969,-1.1217968,-1.0117968,-1.1117969,-0.4517969,-0.001796875
0.9282031,1.6482031,4.048203,5.1682034,7.508203,3.028203,2.8482032,2.8482032,2.178203,1.6782031,2.4082031,1.7682031,2.5382032,1.9082031,1.3182031,1.1782031,0.69820315,0.9982031,0.81820315,0.6182031,2.0482032,2.438203,2.688203,2.1582031,1.8682032,1.1082032,0.82820314,0.8082031,0.7182031,0.9682031,0.6682031,0.37820312,0.45820314,0.57820314,-0.061796874,-0.85179687,-1.1917969,-1.2117969,-1.3517969,-1.7017969,-1.5917969,-1.4217969,-3.011797,-1.5217968,-1.6517968,-1.9217969,-1.7917969,-1.5117968,-1.7717968,-0.46179688,-1.5617969,-1.6517968,-1.1217968,-0.7817969,-0.8817969,-1.2817969,-1.4217969,-0.67179686
1.2982031,2.948203,4.218203,4.7482033,4.2282033,3.3582032,2.3182032,2.678203,2.3082032,2.0782032,1.8782032,1.4682031,1.1382031,0.64820313,2.1282032,1.4082031,0.45820314,2.018203,1.1182032,-0.6417969,0.8082031,1.7982031,2.268203,2.0682032,1.7482032,1.9382031,1.6182032,1.4782032,1.5782031,1.6082032,1.4282031,1.1582031,-0.091796875,-0.7017969,-1.2117969,-0.9717969,-0.8917969,-0.7517969,-0.5317969,-0.5017969,-0.5317969,-1.6217968,-3.241797,-2.541797,-1.8317969,-2.1717968,-5.0217967,-3.3617969,-1.8917968,-1.8817968,-1.8317969,-0.9717969,-0.8217969,-0.8217969,-1.2617968,-1.0617969,-0.79179686,-0.5017969
3.478203,4.2682033,2.918203,2.8182032,3.1082032,2.728203,3.438203,2.198203,2.1182032,1.1882031,1.2182031,0.9082031,0.75820315,0.07820313,-0.9017969,-0.07179687,1.1282032,0.81820315,0.17820312,-0.8817969,-0.40179688,2.508203,0.8582031,1.5982032,1.9082031,2.6582031,3.1582031,2.8082032,2.6482031,2.448203,2.268203,2.028203,1.4182031,0.24820313,-0.4517969,-0.46179688,-0.31179687,-0.43179688,-0.31179687,-0.29179686,-0.28179687,-0.46179688,-1.8317969,-3.1417968,-3.7117968,-4.891797,-4.591797,-3.721797,-1.9317969,-1.7917969,-1.6817969,-1.4617969,-0.8317969,-0.5917969,-1.4917969,-1.0317969,-0.40179688,-1.3917968
1.9182031,2.4082031,2.4082031,2.8382032,2.488203,2.528203,3.2882032,3.0782032,2.468203,0.95820314,1.2982031,0.6782031,-0.28179687,-0.55179685,-1.6417968,-0.041796874,0.2982031,1.8482032,0.88820314,1.7682031,1.6082032,1.3282031,0.76820314,1.2382032,0.9182031,2.6282032,3.3282032,4.148203,3.938203,2.758203,2.6482031,2.2982032,2.018203,1.2982031,0.2982031,0.25820312,0.58820313,1.0482031,1.0782031,0.48820314,0.13820313,-0.18179688,-0.67179686,-1.4917969,-1.3717968,-2.4417968,-2.1517968,-2.1117969,-1.2417969,-0.87179685,-0.7617969,-0.98179686,-0.7617969,-0.7817969,-1.5717969,-1.1617969,-0.99179685,-1.4717969
2.008203,2.018203,3.248203,2.958203,2.718203,2.688203,3.518203,2.198203,1.9282031,1.0782031,-0.041796874,-0.44179687,-0.5017969,-0.8117969,-0.5717969,-0.4517969,-0.14179687,1.9882032,2.3082032,1.2582031,0.50820315,-0.5017969,0.16820313,0.6082031,0.5282031,0.57820314,1.9882032,3.6182032,3.018203,3.0682032,2.178203,2.188203,2.0782032,1.4182031,0.7382031,0.7482031,0.89820313,0.89820313,0.47820312,0.49820313,0.15820312,-0.031796876,-0.30179688,-1.9517969,-0.91179687,-0.8417969,-0.7017969,-0.23179688,0.2982031,-1.3317969,-1.9717969,-2.4217968,-2.5917969,-1.4817969,-1.3217969,-1.2517968,-0.74179685,-1.3717968
2.448203,3.668203,4.348203,2.238203,1.8282031,3.528203,2.8582032,2.678203,-0.6317969,0.6782031,1.1282032,2.0782032,1.8282031,1.2182031,0.8582031,0.7782031,0.8482031,1.3682032,0.88820314,1.5882031,1.6282032,0.18820313,-0.9017969,0.27820313,0.27820313,-0.27179688,0.56820315,4.598203,4.448203,2.028203,2.458203,1.8482032,1.6782031,1.3382031,0.9982031,0.5282031,0.5482031,0.62820315,0.5382031,-0.6317969,-0.41179687,-0.5617969,-0.5117969,-0.28179687,-0.5117969,-0.7017969,-0.66179687,-0.40179688,-1.3017969,-1.9917969,-2.041797,-0.7217969,-2.4517968,-1.6617969,-1.2317969,-0.92179686,-1.6417968,-1.1317968
3.228203,2.9082031,2.728203,2.218203,1.5382031,2.698203,0.9382031,1.7282032,1.0682031,-0.5817969,0.50820315,-0.011796875,1.1482031,0.76820314,1.0982032,-0.031796876,0.9682031,1.1582031,0.76820314,1.0582031,3.0682032,2.228203,-0.55179685,-0.61179686,-1.1217968,-0.7117969,0.6682031,3.8982031,3.778203,3.498203,4.4982033,5.798203,2.2982032,1.0482031,0.7882031,1.4082031,-0.30179688,-0.66179687,-0.8217969,-0.46179688,0.31820312,0.27820313,0.3582031,0.09820312,-0.031796876,-0.28179687,-0.4517969,-0.29179686,-0.8917969,-2.301797,-1.1917969,-0.62179685,0.15820312,0.038203124,-0.7017969,-0.8417969,-1.3017969,-1.4917969
2.3682032,2.448203,1.2482032,1.4482031,1.2882031,1.8182031,1.2682031,0.64820313,0.27820313,-1.0617969,-0.87179685,-0.14179687,0.83820313,1.3082031,-0.07179687,0.30820313,0.63820314,0.95820314,0.30820313,-1.4517969,2.218203,6.9982033,2.218203,-0.49179688,-0.67179686,-0.27179688,-1.8417969,-1.2117969,1.8882031,3.218203,5.948203,6.068203,2.8182032,-2.041797,1.4282031,1.2282032,-0.07179687,-1.8117969,-0.66179687,-0.3917969,0.8082031,0.7782031,0.088203125,-0.6317969,-0.49179688,-0.27179688,-0.26179686,-0.11179688,-3.311797,-4.191797,-3.9617968,-1.3217969,-0.7817969,-0.7817969,-1.0917969,-0.9617969,-0.85179687,-0.61179686
2.188203,0.88820314,0.5982031,-0.9617969,-0.011796875,0.9382031,0.7882031,1.5682031,1.2482032,1.9582031,2.4082031,2.188203,1.1682031,1.6382031,-0.6417969,-3.051797,-0.5917969,0.75820315,-0.29179686,1.7482032,2.1482031,2.698203,-0.87179685,-0.4517969,-1.7017969,-2.3717968,-0.61179686,1.5782031,1.9382031,4.118203,4.358203,4.218203,3.678203,2.438203,-0.35179687,0.8482031,0.19820313,-0.31179687,0.21820313,0.5982031,1.4282031,1.1682031,1.1482031,0.19820313,1.6182032,0.3282031,0.40820312,0.30820313,-3.521797,-4.341797,-4.671797,-3.321797,-2.501797,-3.3817968,-2.1717968,-1.8217969,-1.8217969,-1.5817969
-0.44179687,-1.1017969,-1.5017968,1.6582031,0.36820313,-2.8517969,0.14820312,1.1082032,4.338203,2.488203,6.698203,1.8782032,-0.07179687,0.12820312,0.70820314,-2.6717968,-5.8317966,-2.1117969,1.4382031,3.0682032,1.5382031,2.198203,-0.27179688,-0.16179687,-0.21179688,-0.3617969,1.7882031,1.0282031,1.4482031,2.278203,2.698203,2.248203,1.3382031,0.89820313,1.2682031,1.3582032,1.1382031,0.57820314,-0.08179688,1.6082032,2.218203,0.2982031,-1.5817969,-1.6417968,1.6182032,1.4382031,1.7082031,-0.99179685,-5.101797,-4.871797,-5.141797,-5.191797,-4.0217967,-2.4517968,-2.1517968,-2.481797,-1.7917969,-1.2817969
0.62820315,0.9682031,1.3582032,1.5582031,1.3682032,-1.2817969,-0.85179687,1.6782031,3.1582031,0.9182031,9.538203,4.088203,0.70820314,-0.67179686,-1.1317968,-1.2517968,-4.5617967,-6.381797,8.248203,0.33820313,-0.5017969,0.8582031,1.4382031,1.8582032,0.008203125,-0.44179687,-1.2417969,-0.8117969,-0.44179687,1.3382031,1.5382031,0.27820313,-2.7117968,-0.5717969,1.0582031,2.228203,3.188203,0.9682031,0.038203124,-0.7017969,-1.7817969,-1.3217969,0.9382031,0.18820313,0.8082031,-0.08179688,-1.3517969,2.5682032,1.9182031,-2.8417969,-6.801797,-6.371797,-5.681797,-3.291797,-1.8917968,-1.0217968,-0.3917969,-1.3317969
-3.3617969,-4.0217967,-0.33179688,0.69820315,0.40820312,-0.5917969,1.4282031,2.6482031,2.458203,3.168203,4.988203,3.7882032,-1.6817969,-4.321797,-0.87179685,-1.4517969,-1.8717968,-5.0617967,8.918203,3.5382032,-0.14179687,1.4882032,1.1282032,0.7282031,0.8482031,-0.3617969,-2.581797,-1.0917969,-2.331797,-1.7417969,-0.27179688,0.24820313,1.5782031,2.2982032,2.198203,2.3782032,1.9382031,0.7982031,-1.1217968,-0.3917969,-2.6817968,2.1082032,0.018203124,0.82820314,-0.20179687,-1.0317969,1.0282031,1.6082032,1.5782031,0.64820313,-5.411797,-5.4817967,-4.881797,-3.2117968,-1.7217969,-0.25179687,0.09820312,0.20820312
0.82820314,0.6582031,-1.5817969,-0.14179687,1.1282032,2.3782032,1.7182031,2.978203,3.768203,1.4282031,5.618203,3.6182032,-1.2417969,-4.3117967,-5.551797,-4.371797,-0.37179688,-7.951797,6.548203,7.218203,1.4682031,0.42820314,1.6282032,1.6282032,-2.4217968,-3.0917969,-3.541797,-0.24179688,-0.5617969,0.7182031,2.458203,1.2682031,-0.17179687,1.0282031,-0.121796876,2.0682032,0.7282031,1.1982031,2.6082032,1.2982031,1.0782031,-0.8217969,2.0782032,1.2482032,1.8582032,-1.3717968,2.418203,1.4882032,1.4082031,-2.3717968,-5.0017967,-5.171797,-5.201797,-3.831797,-1.0617969,-1.3117969,0.018203124,-0.31179687
-2.1417968,-0.5217969,0.15820312,-0.8117969,3.3082032,5.558203,4.808203,3.928203,2.768203,1.3982031,3.2982032,0.82820314,-0.7717969,-3.9217968,-4.621797,-4.871797,-3.071797,-2.1617968,6.098203,10.178204,4.138203,0.3882031,-1.5717969,-0.74179685,-2.801797,0.5382031,1.7582031,0.75820315,1.2382032,1.4782032,1.6882031,1.0882031,2.4082031,0.3882031,0.43820313,0.10820313,0.64820313,1.5482031,-0.44179687,0.19820313,-0.4517969,-1.4417969,-0.041796874,-1.7617968,0.63820314,-0.041796874,-1.3517969,0.9382031,-0.15179688,-0.47179687,-2.6517968,-3.2017968,-3.6317968,-2.9517968,-1.8617969,0.25820312,-0.5317969,-4.2317967
