public/data/weather/current/current-wind-surface-level-gfs-1.0.json
{"header": {"discipline":0,"disciplineName":"Meteorological products","gribEdition":2,"gribLength":74974,"center":7,"centerName":"US National Weather Service - NCEP(WMC)","subcenter":0,"refTime":"2018-01-10T12:00:00.000Z","significanceOfRT":1,"significanceOfRTName":"Start of forecast","productStatus":0,"productStatusName":"Operational products","productType":1,"productTypeName":"Forecast products","productDefinitionTemplate":0,"productDefinitionTemplateName":"Analysis/forecast at horizontal level/layer at a point in time","parameterCategory":2,"parameterCategoryName":"Momentum","parameterNumber":3,"parameterNumberName":"V-component_of_wind","parameterUnit":"m.s-1","genProcessType":2,"genProcessTypeName":"Forecast","forecastTime":3,"surface1Type":103,"surface1TypeName":"Specified height level above ground","surface1Value":10,"surface2Type":255,"surface2TypeName":"Missing","surface2Value":0,"gridDefinitionTemplate":0,"gridDefinitionTemplateName":"Latitude_Longitude","numberPoints":65160,"shape":6,"shapeName":"Earth spherical with radius of 6,371,229.0 m","gridUnits":"degrees","resolution":48,"winds":"true","scanMode":0,"nx":360,"ny":181,"basicAngle":0,"lo1":0,"la1":90,"lo2":359,"la2":-90,"dx":1,"dy":1}, "data":
[rows 52 to 77 of 181, columns 290 to 347 of 360]
-3.1817968,-3.8517969,-4.351797,-5.431797,-6.991797,-7.8317966,-8.801797,-9.691797,-10.2417965,-10.391797,-10.141797,-9.981797,-9.4917965,-9.051797,-8.671797,-7.471797,-5.991797,-4.3117967,-3.6517968,-3.531797,-3.2017968,-2.8417969,-2.4117968,-1.4817969,2.978203,5.7882032,8.0082035,10.248203,10.278203,9.7582035,8.818203,8.388203,10.698203,14.7582035,14.628203,13.128203,11.668203,10.808203,10.148203,9.178204,7.138203,5.258203,3.448203,2.998203,2.1382031,-0.29179686,-0.9517969,-1.4017968,-2.3417969,-3.481797,-4.2917967,-4.661797,-5.181797,-5.7317967,-6.201797,-6.661797,-7.111797,-7.551797
-3.241797,-3.971797,-4.701797,-5.151797,-5.091797,-6.4617968,-7.361797,-7.941797,-8.321796,-8.581797,-8.541797,-8.221797,-7.871797,-7.681797,-6.851797,-6.361797,-5.901797,-5.221797,-4.691797,-4.201797,-3.9517968,-3.331797,-1.4117969,2.188203,5.798203,9.188203,8.948203,9.418203,9.808203,9.618203,7.988203,6.6682034,13.448203,17.338203,14.558203,12.658203,11.408203,10.568203,9.198203,7.878203,6.198203,4.848203,4.388203,3.3582032,2.2882032,0.7782031,-0.021796875,-0.7817969,-2.331797,-3.3517969,-3.991797,-4.511797,-5.091797,-5.571797,-5.861797,-5.881797,-5.801797,-5.301797
-4.151797,-4.221797,-4.741797,-5.0217967,-5.491797,-5.5217967,-6.261797,-7.181797,-7.681797,-8.331797,-8.691797,-8.721797,-8.561797,-8.101797,-7.611797,-6.991797,-6.3317966,-6.0217967,-5.8117967,-5.2317967,-3.801797,-0.7817969,0.5382031,4.548203,9.598203,9.778203,9.688203,8.638203,8.608203,8.688203,5.9582033,6.1682034,12.868203,14.118203,12.818203,11.518203,10.628203,9.528203,8.438203,7.488203,5.868203,4.578203,3.6382031,2.3982031,1.1982031,0.13820313,-0.8117969,-1.5617969,-1.9017968,-1.9417969,-2.081797,-2.491797,-3.031797,-3.3617969,-3.4017968,-3.231797,-3.3517969,-3.251797
-3.8717968,-4.381797,-4.7917967,-4.5617967,-4.8317966,-6.121797,-7.101797,-7.471797,-7.921797,-8.201797,-8.391797,-8.201797,-7.871797,-7.661797,-7.691797,-7.701797,-7.241797,-6.2917967,-4.7717967,-2.6217968,-1.7417969,0.058203124,3.528203,5.078203,9.318203,7.888203,7.4982033,8.0082035,6.488203,5.798203,7.4782033,7.588203,8.968204,11.628203,11.298203,10.318203,9.728203,8.708203,7.7482033,6.678203,5.678203,4.588203,3.508203,2.2882032,1.1382031,-0.021796875,-1.2617968,-2.221797,-2.771797,-3.1717968,-3.3917968,-3.531797,-3.6317968,-3.6817968,-3.7117968,-3.9317968,-4.261797,-4.451797
-3.3417969,-3.821797,-4.2517967,-5.0017967,-5.551797,-6.5017967,-7.361797,-7.871797,-7.911797,-8.071796,-8.441797,-8.821796,-8.851797,-8.581797,-8.081797,-7.011797,-5.151797,-3.481797,-2.721797,-2.3917968,-0.8117969,5.198203,7.828203,8.818203,8.718204,8.248203,7.988203,7.9582033,8.0082035,7.588203,7.218203,7.028203,5.9782033,9.458203,9.158203,8.528203,8.098203,7.968203,6.9782033,6.358203,5.6882033,4.738203,3.8282032,2.4082031,0.69820315,-0.85179687,-1.7317969,-2.241797,-2.7117968,-3.3917968,-4.0817966,-4.2317967,-4.2717967,-4.201797,-4.611797,-5.0417967,-5.2117968,-5.0817966
-3.1817968,-3.561797,-4.161797,-5.031797,-6.0417967,-7.0417967,-7.601797,-8.281796,-8.391797,-8.591797,-8.351797,-7.921797,-7.571797,-6.591797,-4.591797,-3.491797,-3.241797,-3.041797,-2.6917968,-0.49179688,5.258203,6.488203,6.808203,7.178203,7.838203,7.398203,7.138203,7.408203,7.1882033,7.238203,7.1682034,6.818203,7.238203,7.388203,7.448203,7.298203,6.298203,6.898203,6.7882032,5.4382033,4.658203,4.1882033,3.018203,1.8682032,0.6082031,-0.26179686,-1.3017969,-2.261797,-3.051797,-4.051797,-4.861797,-5.091797,-4.861797,-4.0817966,-4.821797,-4.931797,-4.681797,-4.911797
-2.6517968,-3.4617968,-4.321797,-5.0017967,-5.971797,-6.781797,-7.141797,-7.391797,-7.701797,-7.491797,-7.091797,-7.0217967,-5.141797,-3.9417968,-3.281797,-2.3517969,-1.7217969,-1.4217969,0.57820314,4.178203,4.7682033,5.278203,6.0182033,7.0182033,6.548203,6.558203,6.598203,6.808203,7.138203,7.338203,6.968203,6.638203,6.6682034,7.198203,7.058203,6.0382032,5.058203,4.088203,4.408203,4.318203,3.0682032,2.3182032,1.6782031,1.0382031,0.2982031,-0.54179686,-1.3417969,-2.1717968,-3.0917969,-4.0417967,-4.861797,-5.101797,-5.151797,-3.4417968,-4.431797,-4.3317966,-4.5617967,-4.941797
-2.311797,-3.2017968,-3.971797,-5.191797,-6.0617967,-6.8117967,-7.091797,-7.601797,-7.641797,-7.131797,-5.2717967,-3.1717968,-1.2917969,0.95820314,1.0682031,0.118203126,0.5482031,2.258203,2.8082032,2.7882032,3.3982031,4.2082033,6.2082033,5.7282033,5.778203,5.798203,6.658203,6.528203,5.948203,6.058203,6.2482033,6.078203,6.028203,6.008203,5.858203,5.448203,4.678203,3.728203,2.7882032,1.6182032,1.4282031,1.3682032,1.3482032,0.8582031,-0.3617969,-1.2317969,-1.5817969,-2.2017968,-2.9517968,-3.6717968,-4.301797,-4.641797,-4.2717967,-4.301797,-4.2717967,-4.391797,-4.651797,-4.281797
-2.051797,-3.1417968,-4.2117968,-5.171797,-6.591797,-7.551797,-6.861797,-5.661797,-5.351797,-3.4417968,-0.23179688,1.8982031,3.1282032,2.7982032,2.5582032,2.1282032,1.5582031,0.9782031,0.9382031,2.5582032,3.8182032,5.008203,4.798203,4.5382032,4.328203,4.928203,5.528203,5.658203,5.448203,5.068203,4.848203,4.608203,4.988203,4.828203,4.1882033,3.8782032,3.6582031,3.5382032,2.748203,1.9182031,1.2282032,0.9082031,0.57820314,-0.5817969,-1.4817969,-1.2217969,-1.0417969,-1.4417969,-2.061797,-2.6517968,-2.9517968,-2.9317968,-2.761797,-2.9517968,-3.1617968,-3.8917968,-3.8717968,-4.0817966
-2.6617968,-3.6917968,-4.861797,-5.691797,-5.881797,-4.7117968,-3.321797,-3.301797,-1.8917968,2.008203,4.6682034,3.8582032,3.768203,2.708203,1.2182031,0.12820312,-0.21179688,-0.92179686,1.9582031,4.1882033,4.028203,2.8982031,3.438203,3.6382031,3.228203,3.688203,4.218203,4.4582033,4.308203,4.218203,4.2482033,4.328203,4.2882032,3.8982031,3.1182032,2.5582032,2.238203,1.7082031,1.8482032,1.3882031,0.7182031,0.7482031,0.8082031,0.21820313,-0.44179687,-0.8217969,-1.4317969,-1.8517969,-2.1417968,-2.721797,-3.1717968,-3.321797,-3.1417968,-2.8817968,-3.9217968,-4.261797,-5.151797,-5.121797
-2.9317968,-4.2117968,-5.0017967,-5.531797,-4.5017967,-3.9217968,-2.4017968,-0.121796876,1.7682031,3.5982032,3.8282032,3.3082032,1.5082031,0.51820314,-0.6517969,-1.8717968,-1.2117969,3.428203,3.5382032,2.8382032,0.57820314,1.7682031,2.8582032,2.8482032,2.8882031,2.9082031,2.748203,2.7982032,2.5982032,2.3982031,2.478203,2.728203,2.5682032,2.6482031,2.8582032,2.4082031,1.8582032,1.3882031,0.7182031,0.34820312,0.14820312,0.16820313,-0.20179687,-0.73179686,-1.1217968,-1.7017969,-2.0917969,-2.3517969,-2.8617969,-3.6317968,-4.011797,-4.621797,-3.1017969,-0.68179685,-7.341797,-6.0017967,-2.981797,-4.721797
-2.9317968,-3.831797,-4.781797,-4.591797,-3.1617968,1.0782031,0.27820313,1.6282032,2.668203,2.518203,0.94820315,-0.5017969,-0.8817969,-1.7117969,-0.6417969,2.278203,3.0482032,2.718203,1.6482031,0.3282031,0.24820313,1.8082031,1.7582031,2.1182032,2.668203,1.8482032,1.4182031,1.4182031,1.4182031,1.0682031,0.58820313,1.0682031,1.8482032,2.0882032,2.0882032,1.4482031,0.9382031,0.50820315,-0.17179687,-0.54179686,-0.55179685,-0.98179686,-1.3017969,-2.041797,-1.9117969,-2.231797,-2.071797,-1.9817969,-2.6917968,-3.3917968,-4.381797,-3.3417969,-2.541797,-3.4117968,-3.2117968,-5.761797,-4.941797,-6.0617967
-2.811797,-3.4217968,-2.011797,1.1682031,2.008203,0.24820313,1.6182032,1.4182031,-0.16179687,-0.74179685,-2.3817968,-1.1817969,-0.20179687,1.2882031,1.4682031,1.9282031,1.5682031,0.9682031,0.28820312,-0.10179687,-0.23179688,0.26820314,1.6582031,3.0382032,1.8082031,0.87820315,0.27820313,0.22820312,-0.3917969,1.2082031,2.6382031,2.8882031,2.8682032,3.228203,2.3182032,1.6182032,1.2282032,-0.061796874,-0.6317969,-0.5117969,-1.2117969,-1.8617969,-2.1117969,-1.8617969,-1.7617968,-1.7717968,-1.6217968,-1.9917969,-2.261797,-3.0917969,-3.2017968,-3.311797,-2.8817968,-4.0217967,-4.7717967,-6.551797,-6.0417967,-5.431797
-0.47179687,3.1582031,2.918203,2.3282032,1.2582031,1.1982031,2.268203,0.09820312,-1.3317969,-2.771797,0.06820312,0.75820315,0.6782031,0.9282031,0.82820314,1.4482031,1.1382031,0.76820314,0.23820312,-0.86179686,-1.2517968,-0.9617969,1.3582032,1.4682031,0.45820314,-0.5717969,-0.91179687,0.5982031,1.6682031,1.6682031,1.8482032,2.0382032,2.188203,2.248203,2.028203,1.4182031,0.6782031,-0.26179686,-0.7017969,-0.5017969,-1.1117969,-1.2417969,-0.85179687,-1.6917969,-1.7317969,-1.5717969,-1.6917969,-1.7817969,-2.4317968,-3.1617968,-3.3417969,-3.4317968,-3.981797,-4.571797,-5.691797,-6.091797,-5.141797,-2.581797
2.758203,4.488203,2.738203,1.4782032,1.0482031,1.0582031,1.0282031,-0.74179685,-2.491797,-0.6517969,1.9982032,1.5082031,0.7882031,1.8282031,0.3882031,0.58820313,1.1682031,1.1182032,0.008203125,-1.2317969,-2.281797,-1.2917969,1.0382031,1.0082031,0.3882031,0.088203125,0.7282031,0.9782031,1.4782032,1.8282031,1.6382031,1.3982031,2.1282032,2.1182032,1.1482031,0.46820313,0.3582031,0.30820313,0.28820312,0.56820315,0.28820312,-0.44179687,-1.0217968,-1.0017968,-1.2717968,-1.3917968,-2.001797,-2.8817968,-3.3717968,-3.311797,-3.331797,-3.6517968,-4.471797,-5.591797,-7.7517967,-3.9617968,-2.801797,-1.7417969
4.7482033,3.938203,2.3182032,1.0082031,0.7982031,0.6782031,-0.061796874,-0.46179688,-0.3617969,0.8082031,0.62820315,0.23820312,0.6782031,1.1582031,-0.20179687,0.24820313,1.9982032,1.3482032,-0.021796875,-1.0217968,-1.9217969,-0.87179685,-0.33179688,-0.121796876,0.31820312,-0.26179686,0.5482031,0.6582031,0.7282031,1.5082031,1.5882031,1.9782032,1.4882032,1.2382032,0.83820313,0.6582031,0.95820314,0.88820314,0.5282031,0.21820313,-0.16179687,-0.87179685,-1.0717969,-1.4217969,-1.8917968,-2.491797,-3.281797,-3.3417969,-3.6417968,-4.071797,-4.491797,-4.931797,-5.571797,-6.881797,-3.8717968,-3.1717968,-2.1417968,-1.9317969
3.3882031,2.0382032,1.6382031,1.3282031,0.76820314,0.5982031,0.46820313,-0.061796874,0.06820312,0.088203125,-0.08179688,-0.14179687,0.2982031,1.2682031,0.36820313,-0.20179687,0.50820315,0.9382031,-0.20179687,-1.3017969,-2.061797,-1.7417969,-1.0517969,-0.7017969,-0.8917969,0.20820312,0.118203126,0.22820312,1.4682031,0.9682031,1.6082032,1.4082031,0.9382031,0.9382031,1.1582031,1.0982032,1.1282032,0.6582031,0.10820313,-0.21179688,-1.0517969,-1.3717968,-1.5517969,-2.4317968,-2.991797,-3.081797,-3.321797,-3.761797,-4.381797,-4.871797,-5.201797,-5.7917967,-6.871797,-8.171797,-2.9317968,-2.471797,-1.7517968,-1.6217968
2.6182032,1.6282032,1.4082031,1.4082031,0.9382031,0.48820314,0.15820312,-0.091796875,-0.17179687,0.038203124,-0.011796875,-0.021796875,0.038203124,0.5282031,0.15820312,-0.55179685,0.49820313,0.13820313,-0.60179687,-1.4517969,-2.261797,-2.241797,-0.79179686,-0.93179685,-0.35179687,-0.73179686,-0.47179687,0.63820314,0.7282031,1.3382031,0.81820315,0.17820312,0.33820313,0.43820313,0.9182031,0.7882031,0.12820312,-0.091796875,-0.47179687,-1.1517968,-1.7217969,-2.4117968,-3.1017969,-3.4517968,-3.3417969,-3.521797,-3.811797,-4.171797,-4.7517967,-5.0617967,-4.9617968,-5.3117967,-7.261797,-2.8817968,-2.731797,-2.3617969,-1.6417968,-1.9417969
2.8382032,1.2082031,0.9982031,1.0782031,0.9782031,0.46820313,0.39820313,-0.18179688,-0.5617969,-0.20179687,0.3882031,0.56820315,0.07820313,-0.10179687,-0.41179687,-0.38179687,-0.23179688,-0.54179686,-0.7217969,-1.3317969,-1.9517969,-1.7217969,-1.3017969,-0.33179688,-0.48179686,0.018203124,0.028203124,0.018203124,0.9382031,0.48820314,-0.13179688,-0.43179688,-0.07179687,0.088203125,0.24820313,-0.07179687,-0.32179686,-0.4517969,-1.3917968,-2.3617969,-2.6217968,-3.1917968,-3.981797,-4.261797,-4.451797,-4.401797,-4.591797,-4.931797,-5.0817966,-5.071797,-4.851797,-5.2517967,-5.491797,-4.5817966,-2.051797,-2.301797,-1.4517969,-1.8217969
0.6082031,-0.22179687,0.9282031,0.43820313,0.7782031,0.51820314,0.48820314,0.40820312,0.6682031,0.34820312,0.038203124,0.45820314,-0.061796874,-0.55179685,-0.98179686,-0.7217969,-0.9717969,-1.3217969,-1.4117969,-1.7017969,-2.1017969,-1.9617969,-1.2317969,-0.5617969,-0.30179688,0.14820312,-0.33179688,0.75820315,0.5582031,0.40820312,-0.47179687,-0.7017969,-0.22179687,-0.17179687,-0.24179688,-0.34179688,-0.5917969,-0.7717969,-1.4517969,-2.501797,-3.1817968,-3.791797,-4.301797,-4.201797,-4.181797,-4.7917967,-5.281797,-5.611797,-5.5817966,-5.0817966,-5.0417967,-4.891797,-4.881797,-4.281797,-2.1117969,-1.6317968,-1.7217969,-2.081797
-4.631797,-0.7017969,-0.061796874,1.8382031,0.23820312,0.31820312,0.40820312,0.9982031,0.56820315,0.46820313,0.50820315,0.118203126,-0.37179688,-0.33179688,-0.3917969,-1.1717969,-1.3717968,-1.2317969,-1.1817969,-1.7617968,-2.081797,-1.9917969,-1.5717969,-1.1517968,-0.54179686,0.118203126,-0.30179688,0.15820312,0.47820312,0.17820312,0.07820313,-0.5017969,-0.67179686,-0.5217969,-0.62179685,-0.7717969,-1.1217968,-1.2217969,-1.6617969,-2.581797,-3.6217968,-3.9317968,-4.241797,-4.611797,-4.5617967,-4.8117967,-5.3117967,-5.431797,-5.2317967,-4.921797,-4.681797,-4.571797,-4.451797,-4.2917967,-2.7117968,-2.231797,-1.7017969,-0.6517969
-0.001796875,0.048203126,0.63820314,1.2082031,1.9382031,2.508203,2.198203,2.198203,1.9982032,0.70820314,0.43820313,0.038203124,-0.44179687,-0.8317969,-0.8917969,-1.0717969,-1.4617969,-1.3017969,-0.5117969,-0.68179685,-1.7317969,-1.8817968,-1.7117969,-1.5617969,-1.3417969,-1.1217968,0.008203125,-0.091796875,0.39820313,0.47820312,-0.031796876,-0.23179688,-0.5717969,-0.8117969,-0.7717969,-1.0117968,-1.4717969,-1.8717968,-1.8617969,-2.6217968,-3.4317968,-4.141797,-4.4617968,-4.931797,-5.7317967,-5.9617968,-5.781797,-5.861797,-5.201797,-4.841797,-4.7917967,-4.871797,-4.881797,-6.111797,-2.1517968,-1.7817969,-0.7717969,-0.3917969
1.3782032,1.7882031,1.8182031,1.2982031,2.0582032,2.1582031,1.7182031,0.9982031,0.95820314,1.0382031,0.25820312,-0.22179687,-0.17179687,-0.49179688,-0.9017969,-1.2317969,-1.3717968,-1.4817969,-1.5317969,-1.0817969,-1.2217969,-1.8717968,-1.9917969,-1.8417969,-1.8717968,-1.3117969,-0.9717969,-0.6917969,-0.30179688,-0.41179687,-0.9617969,-0.7817969,-1.1017969,-1.0617969,-1.3917968,-1.3917968,-1.7517968,-2.271797,-2.6517968,-3.011797,-3.6617968,-4.661797,-5.101797,-3.981797,-5.0617967,-5.491797,-6.3317966,-6.031797,-5.5417967,-5.2317967,-5.161797,-5.2317967,-5.5217967,-6.361797,-1.9917969,-1.7917969,-1.5617969,-1.6017969
2.168203,1.9582031,1.4782032,2.3382032,2.8982031,2.3982031,1.1882031,-0.13179688,-0.22179687,0.25820312,0.048203126,-0.5017969,-0.6517969,-0.8417969,-1.1017969,-1.2617968,-1.6117969,-1.9517969,-2.1217968,-1.3217969,-1.1617969,-1.2917969,-1.6017969,-2.1217968,-2.1417968,-1.4917969,-1.7517968,-1.7217969,-1.5617969,-1.3317969,-0.9517969,-1.9117969,-2.0917969,-1.6617969,-1.6117969,-1.5817969,-1.7817969,-2.221797,-2.321797,-2.8817968,-3.1717968,-4.191797,-4.921797,-5.5217967,-5.701797,-7.131797,-6.0417967,-6.5617967,-5.881797,-5.661797,-5.351797,-5.421797,-6.7117968,-3.741797,-1.9017968,-1.9617969,-1.7217969,-1.8817968
2.988203,2.728203,2.278203,2.5682032,2.678203,1.8082031,1.0582031,-0.041796874,0.5282031,-0.40179688,-0.3917969,-0.28179687,-0.5817969,-1.3417969,-1.2817969,-1.1817969,-1.3617969,-2.1217968,-2.761797,-2.4117968,-1.9217969,-1.9317969,-1.4817969,-1.7817969,-2.511797,-2.011797,-2.721797,-2.811797,-2.521797,-2.1817968,-2.1817968,-2.9417968,-2.001797,-2.1917968,-1.5517969,-1.7017969,-2.031797,-2.481797,-2.8617969,-3.1417968,-3.7017968,-4.471797,-5.531797,-6.471797,-6.5017967,-5.261797,-7.111797,-6.851797,-6.381797,-5.9817967,-5.5017967,-5.531797,-5.451797,-2.281797,-1.7117969,-1.9517969,-1.9217969,-2.301797
2.418203,2.8182032,2.8882031,2.6282032,1.9882032,1.2782031,0.41820312,-0.5717969,-0.38179687,-0.62179685,0.37820312,0.5982031,-0.47179687,-0.92179686,-1.5917969,-2.1017969,-1.8717968,-2.4217968,-2.9617968,-2.6417968,-1.6217968,-1.1417968,-1.8717968,-2.1917968,-2.231797,-3.4317968,-3.471797,-3.4417968,-2.521797,-2.3917968,-2.7117968,-1.6017969,-2.031797,-2.521797,-2.311797,-2.321797,-3.221797,-3.9217968,-3.551797,-3.6617968,-4.491797,-5.201797,-5.781797,-6.241797,-6.641797,-7.221797,-7.4617968,-7.381797,-7.091797,-6.571797,-6.071797,-6.051797,-6.381797,-5.7917967,-2.241797,-1.8017969,-1.4917969,-1.0017968
