public/data/weather/current/current-wind-surface-level-gfs-1.0.json
{"header": {"discipline":0,"disciplineName":"Meteorological products","gribEdition":2,"gribLength":74363,"center":7,"centerName":"US National Weather Service - NCEP(WMC)","subcenter":0,"refTime":"2018-01-10T12:00:00.000Z","significanceOfRT":1,"significanceOfRTName":"Start of forecast","productStatus":0,"productStatusName":"Operational products","productType":1,"productTypeName":"Forecast products","productDefinitionTemplate":0,"productDefinitionTemplateName":"Analysis/forecast at horizontal level/layer at a point in time","parameterCategory":2,"parameterCategoryName":"Momentum","parameterNumber":2,"parameterNumberName":"U-component_of_wind","parameterUnit":"m.s-1","genProcessType":2,"genProcessTypeName":"Forecast","forecastTime":3,"surface1Type":103,"surface1TypeName":"Specified height level above ground","surface1Value":10,"surface2Type":255,"surface2TypeName":"Missing","surface2Value":0,"gridDefinitionTemplate":0,"gridDefinitionTemplateName":"Latitude_Longitude","numberPoints":65160,"shape":6,"shapeName":"Earth spherical with radius of 6,371,229.0 m","gridUnits":"degrees","resolution":48,"winds":"true","scanMode":0,"nx":360,"ny":181,"basicAngle":0,"lo1":0,"la1":90,"lo2":359,"la2":-90,"dx":1,"dy":1}, "data":
[rows 52 to 77 of 181, columns 236 to 294 of 360]
6.853595,4.653595,2.0135949,0.36359498,-1.006405,4.193595,2.673595,2.613595,2.5235949,1.3335949,3.533595,4.633595,3.2535949,-1.016405,2.493595,0.893595,0.06359497,1.2135949,-0.33640504,3.933595,3.703595,4.973595,3.323595,3.553595,2.5235949,1.773595,0.73359495,1.143595,0.833595,2.093595,0.563595,0.27359498,-0.026405029,1.033595,1.793595,1.113595,-0.15640503,0.19359498,0.573595,0.54359496,-0.33640504,-0.37640503,-1.226405,-1.976405,-1.096405,-0.24640504,-0.31640503,-0.626405,-1.776405,-3.2464051,-5.156405,-5.266405,-4.786405,-4.056405,-3.806405,-3.626405,-3.096405,-2.546405,-1.2964051
7.733595,6.043595,1.503595,2.633595,2.393595,-1.5364051,1.2135949,0.46359497,1.633595,2.0135949,2.383595,7.173595,14.813595,4.163595,3.643595,5.253595,2.563595,-1.0464051,1.643595,3.2635949,4.653595,3.733595,5.323595,6.263595,3.813595,1.883595,-0.38640502,0.08359497,0.35359496,1.373595,-0.08640503,-1.776405,0.12359497,0.72359496,1.023595,-0.05640503,-0.18640503,0.13359497,0.17359497,-0.39640504,-0.95640504,-0.94640505,-1.006405,-0.83640504,-1.236405,-1.696405,-1.156405,-1.446405,-3.616405,-3.796405,-5.526405,-5.586405,-5.016405,-4.806405,-3.906405,-3.676405,-3.086405,-2.216405,-1.966405
7.213595,5.983595,4.663595,0.67359495,2.123595,-0.23640503,2.703595,0.36359498,-0.04640503,1.5835949,0.14359497,3.5035949,6.693595,4.683595,9.463595,8.283595,7.103595,4.203595,-0.546405,3.083595,4.043595,7.103595,5.403595,3.5235949,1.253595,2.433595,1.543595,0.48359498,-0.44640502,-1.136405,-1.126405,0.86359495,0.38359496,0.33359498,-1.016405,-0.916405,-0.94640505,-0.39640504,-0.676405,-1.346405,-0.40640503,-2.096405,-1.0364051,-1.736405,-2.156405,-1.726405,-2.796405,-2.826405,-3.196405,-4.716405,-6.456405,-6.296405,-5.716405,-5.176405,-4.206405,-3.2464051,-2.876405,-1.9364051,-1.626405
6.563595,5.833595,6.323595,5.063595,-0.65640503,1.793595,3.723595,2.923595,0.60359496,0.68359494,-0.11640503,4.183595,2.7635949,7.063595,7.6235948,9.153595,10.093595,6.803595,4.853595,3.203595,4.033595,5.013595,4.503595,1.043595,-1.4364051,0.03359497,-0.11640503,-0.43640503,-0.01640503,-0.736405,-1.116405,-0.06640503,0.26359499,-1.096405,-1.636405,-1.386405,-1.836405,-2.116405,-2.446405,-1.886405,-3.366405,-1.456405,-1.716405,-2.296405,-2.656405,-3.046405,-3.536405,-2.196405,-5.526405,-6.976405,-6.926405,-6.616405,-6.306405,-5.746405,-4.946405,-3.896405,-3.136405,-2.216405,-1.9164051
6.193595,6.333595,6.453595,7.243595,10.713595,-0.15640503,-1.246405,0.703595,0.72359496,1.3335949,0.45359498,1.633595,0.92359495,1.0635949,2.0035949,2.843595,6.883595,2.213595,4.093595,4.203595,2.803595,4.653595,2.693595,5.323595,1.473595,-0.75640506,-1.446405,-1.486405,-1.6764051,-1.266405,-0.676405,-0.13640504,-0.16640502,-1.986405,-2.056405,-1.976405,-2.2464051,-2.586405,-3.626405,-4.386405,-3.856405,-2.916405,-3.2464051,-3.2264051,-3.966405,-3.706405,-3.9864051,-7.696405,-8.086405,-8.176405,-7.366405,-7.096405,-6.6064053,-5.956405,-5.176405,-4.156405,-3.296405,-2.936405,-2.4764051
5.853595,6.253595,6.083595,7.913595,10.373595,10.303595,7.353595,-0.12640503,0.44359496,1.773595,2.873595,2.633595,0.27359498,1.623595,2.693595,5.313595,8.833595,4.333595,-0.16640502,11.743595,1.7135949,4.423595,2.303595,3.543595,1.593595,-0.786405,-1.486405,-1.3064051,-0.686405,-0.52640504,-0.58640504,-0.57640505,-1.146405,-2.756405,-2.136405,-2.006405,-2.536405,-3.596405,-4.226405,-4.026405,-3.4764051,-3.916405,-4.426405,-3.4764051,-3.316405,-8.246405,-8.076405,-9.196405,-9.096405,-8.676405,-7.816405,-7.136405,-6.586405,-6.046405,-5.3564053,-4.296405,-3.526405,-3.316405,-3.796405
4.803595,4.953595,5.703595,6.943595,8.543595,8.653595,8.033595,8.183595,7.953595,-1.466405,2.293595,2.993595,0.85359496,3.343595,6.653595,10.203595,11.593595,3.743595,6.653595,3.333595,4.133595,-0.34640503,1.243595,2.343595,-0.48640501,0.47359496,-0.76640505,-0.75640506,-0.796405,-0.806405,-0.41640502,-0.57640505,-1.776405,-2.266405,-2.036405,-2.366405,-2.686405,-3.456405,-3.796405,-4.296405,-4.706405,-4.506405,-4.726405,-5.8764052,-8.916405,-8.986405,-9.246405,-10.556405,-10.766405,-10.326405,-9.8664055,-9.206405,-8.396405,-7.706405,-7.186405,-6.496405,-5.976405,-5.586405,-5.596405
3.153595,3.823595,4.383595,5.313595,6.113595,6.463595,6.803595,6.963595,1.483595,-1.5564051,-5.516405,-2.936405,0.14359497,2.2635949,7.113595,10.8835945,8.663595,1.753595,6.013595,3.243595,5.333595,3.953595,-2.176405,0.833595,2.073595,-0.37640503,-0.70640504,-0.676405,-0.676405,-0.47640502,-0.75640506,-0.936405,-1.526405,-1.856405,-2.526405,-2.2364051,-2.316405,-3.286405,-4.076405,-5.026405,-5.326405,-3.966405,-3.286405,-6.616405,-7.916405,-9.956405,-11.596405,-12.246405,-12.406405,-11.476405,-10.836405,-10.056405,-9.306405,-8.526405,-8.046405,-7.596405,-6.976405,-6.886405,-6.526405
2.083595,2.853595,3.123595,3.893595,4.313595,4.903595,5.353595,6.233595,4.903595,8.053595,11.143595,5.423595,4.173595,2.933595,5.863595,1.6935949,12.693595,4.943595,1.773595,1.723595,2.573595,0.13359497,-2.766405,-3.356405,-0.40640503,-0.17640503,-0.786405,-1.706405,-1.626405,-1.606405,-1.5364051,-1.866405,-1.746405,-3.116405,-5.1264052,-7.816405,-7.996405,-8.596405,-5.8564053,-3.7464051,-4.976405,-3.886405,-4.746405,-6.766405,-10.186405,-12.056405,-12.756405,-13.426405,-13.146405,-12.776405,-11.426405,-10.396405,-9.846405,-9.566405,-8.856405,-8.596405,-7.906405,-6.3564053,-6.326405
0.98359495,1.873595,2.333595,2.673595,3.2635949,3.863595,4.243595,4.763595,4.713595,6.763595,3.883595,4.683595,2.953595,3.673595,4.613595,1.183595,5.633595,6.453595,0.48359498,1.5735949,5.453595,-2.156405,2.0235949,-4.226405,-3.926405,-3.016405,-2.756405,-2.106405,-2.386405,-1.646405,-4.716405,-4.056405,-4.266405,-4.916405,-8.176405,-7.346405,-9.066405,-8.226405,-9.456405,-8.756405,-7.196405,-3.216405,-3.566405,-4.636405,-11.146405,-11.826405,-12.246405,-12.596405,-12.436405,-12.926405,-11.906405,-11.186405,-10.496405,-9.576405,-9.576405,-9.266405,-8.336405,-6.656405,-5.866405
-0.24640504,0.903595,1.623595,2.093595,2.673595,3.373595,4.013595,4.333595,4.653595,3.243595,3.153595,4.673595,7.453595,3.7635949,1.4535949,-0.06640503,2.0035949,10.493595,2.493595,1.4435949,2.2635949,0.943595,1.393595,-3.356405,-3.806405,-3.566405,-3.026405,-3.536405,-3.066405,-2.186405,-3.416405,-4.426405,-4.136405,-1.646405,-4.646405,-6.416405,-8.546405,-8.676405,-8.736405,-7.966405,-5.486405,-2.786405,-1.1864051,-0.726405,-2.916405,-4.436405,-12.556405,-13.106405,-9.146405,-11.006405,-13.596405,-12.656405,-11.136405,-10.466405,-10.476405,-9.806405,-8.326405,-6.496405,-5.396405
-1.386405,-0.736405,0.04359497,0.79359496,1.553595,2.353595,2.943595,3.2535949,3.543595,3.333595,1.853595,1.003595,3.233595,1.173595,4.053595,-0.01640503,-0.25640503,9.113595,0.963595,2.233595,1.743595,0.873595,1.223595,-0.12640503,-4.656405,-4.676405,-2.826405,-3.896405,-3.006405,-2.056405,-2.156405,-2.796405,-3.086405,-2.4964051,-4.036405,-4.536405,-5.176405,-8.086405,-8.396405,-7.286405,-5.386405,-3.316405,-1.5464051,0.013594971,-1.326405,-3.556405,-3.016405,-3.906405,-5.476405,-10.186405,-12.216405,-14.576405,-12.186405,-11.986405,-11.166405,-9.986405,-8.936405,-6.886405,-5.686405
-2.306405,-1.636405,-1.066405,-0.666405,0.06359497,0.80359495,1.343595,1.5735949,1.923595,2.2535949,2.743595,2.863595,3.2535949,3.0035949,2.973595,-0.75640506,-1.626405,-1.386405,5.233595,3.993595,1.843595,0.41359496,0.30359498,-0.09640503,-1.116405,-3.326405,-3.206405,-2.896405,-2.7464051,-1.966405,-1.496405,-1.9264051,-0.57640505,-2.2364051,-3.2264051,-2.926405,-5.326405,-4.906405,-5.186405,-5.336405,-4.656405,-3.536405,-2.926405,-1.586405,-1.216405,-2.466405,-1.9264051,-5.786405,-7.206405,-10.316405,-10.346405,-11.516405,-11.476405,-12.006405,-11.566405,-10.486405,-7.306405,-5.466405,-5.206405
-3.056405,-2.346405,-1.5564051,-1.356405,-0.616405,0.05359497,0.61359495,0.85359496,1.143595,1.613595,2.343595,4.483595,4.523595,5.093595,4.703595,3.573595,-1.9364051,-1.326405,1.973595,3.193595,2.103595,0.78359497,-1.216405,-1.9364051,1.893595,-0.34640503,-0.976405,-2.346405,-2.366405,-2.026405,-0.47640502,-1.696405,-0.47640502,0.98359495,-2.766405,-1.4264051,-2.716405,-4.556405,-3.936405,-3.636405,-3.596405,-3.426405,-3.346405,-2.786405,-2.206405,0.17359497,-0.866405,-1.8064051,-7.936405,-6.426405,-8.636405,-7.806405,-8.786405,-8.876405,-9.316405,-8.466405,-8.926405,-7.776405,-6.156405
-3.536405,-2.796405,-2.136405,-1.476405,-0.90640503,-0.49640504,-0.06640503,0.20359497,0.46359497,1.383595,2.883595,3.963595,4.023595,4.533595,3.783595,2.943595,-1.4364051,-0.75640506,-1.636405,6.003595,0.883595,1.2035949,0.573595,0.943595,2.2535949,-3.026405,-1.386405,-1.986405,-1.826405,-1.846405,-1.576405,-0.0064050294,0.35359496,-0.90640503,-0.936405,0.693595,2.413595,1.473595,-1.836405,-3.656405,-3.356405,-2.916405,-3.176405,-6.186405,-4.8764052,-4.756405,-4.196405,-3.7264051,-4.096405,-4.706405,-6.766405,-8.006405,-7.826405,-8.346405,-7.706405,-8.596405,-8.736405,-8.006405,-7.336405
-3.866405,-2.9864051,-2.556405,-1.9364051,-1.696405,-1.576405,-1.156405,-0.52640504,0.78359497,1.523595,2.943595,3.593595,3.943595,3.633595,3.5235949,-0.58640504,-1.346405,-0.17640503,-0.52640504,-1.356405,0.21359497,2.543595,1.373595,1.843595,1.173595,-0.58640504,2.193595,-1.2964051,-1.4364051,-0.94640505,-1.606405,-0.35640502,0.12359497,1.3135949,0.713595,1.113595,2.113595,1.593595,-0.35640502,-1.606405,-1.066405,-1.826405,-2.766405,-2.896405,-4.476405,-7.6264052,-6.3764052,-2.926405,-1.486405,-6.526405,-6.3764052,-8.036405,-7.336405,-6.6064053,-7.186405,-8.586405,-8.786405,-8.676405,-8.256405
-4.936405,-4.456405,-3.946405,-3.406405,-2.896405,-1.906405,-0.52640504,0.38359496,0.49359497,0.67359495,1.603595,2.973595,3.793595,2.683595,4.653595,2.113595,0.0035949708,0.773595,-1.4164051,-1.3064051,-0.08640503,0.97359496,0.44359496,1.8135949,0.23359497,-1.2864051,0.563595,-1.646405,-1.386405,-0.34640503,-0.35640502,-0.39640504,0.573595,1.763595,2.733595,3.743595,2.853595,0.68359494,-0.14640503,-1.876405,-1.466405,-4.496405,-4.016405,-2.266405,-2.826405,-4.346405,-3.4764051,-2.536405,-5.396405,-7.276405,-8.3664055,-8.586405,-7.806405,-8.096405,-8.546405,-8.716405,-9.356405,-9.146405,-9.106405
-5.566405,-4.706405,-4.186405,-2.936405,-2.536405,-1.856405,-1.336405,-1.4164051,-1.276405,0.04359497,0.74359494,1.473595,2.133595,1.8235949,2.463595,3.353595,2.173595,0.503595,-0.39640504,-1.266405,-0.46640503,0.12359497,0.22359496,1.433595,1.973595,1.513595,-1.236405,-0.46640503,-1.876405,-0.736405,0.07359497,-0.076405026,1.003595,2.193595,0.633595,1.013595,0.80359495,0.53359497,-0.31640503,-2.206405,-3.576405,-3.4864051,-5.806405,-8.426405,-9.836405,-7.906405,-2.506405,-0.50640506,-1.966405,-4.6264052,-8.896405,-9.136405,-9.086405,-8.926405,-8.676405,-9.036405,-9.466405,-9.586405,-9.686405
-4.786405,-4.836405,-4.436405,-3.466405,-4.1264052,-4.486405,-3.526405,-2.456405,-1.656405,-0.94640505,-0.26640502,0.36359498,0.17359497,0.16359498,0.92359495,1.643595,1.433595,0.53359497,0.03359497,-1.1764051,-0.95640504,-0.06640503,0.17359497,0.0035949708,0.27359498,-0.43640503,1.843595,0.32359496,-0.94640505,-0.986405,-0.986405,-0.17640503,0.24359497,0.23359497,-0.05640503,0.503595,0.643595,0.24359497,-0.686405,-2.466405,-4.256405,-5.896405,-7.226405,-8.096405,-7.116405,-3.176405,-4.566405,-0.83640504,-0.43640503,-2.886405,-2.946405,-4.3764052,-6.826405,-7.826405,-8.376405,-8.596405,-9.136405,-9.526405,-9.796405
-6.016405,-5.746405,-5.326405,-5.466405,-5.666405,-4.286405,-3.446405,-3.176405,-2.566405,-1.696405,-1.136405,-1.1764051,-1.2864051,-0.48640501,0.40359497,0.833595,0.883595,0.85359496,0.883595,0.02359497,-0.37640503,0.11359497,-0.41640502,-0.49640504,-0.35640502,0.31359497,-0.15640503,-0.19640502,0.633595,-0.41640502,-0.786405,0.013594971,1.363595,-0.19640502,-0.0064050294,0.48359498,0.40359497,0.13359497,-1.256405,-1.866405,-3.526405,-4.886405,-5.676405,-4.766405,-2.2464051,-2.306405,-1.846405,-5.936405,-4.956405,-1.346405,-2.966405,-2.2464051,-3.4964051,-1.026405,-1.2864051,-5.646405,-9.026405,-8.856405,-9.076405
-7.586405,-6.8764052,-6.716405,-6.656405,-5.986405,-4.846405,-4.446405,-3.886405,-3.116405,-2.666405,-2.376405,-1.886405,-1.156405,-0.41640502,-0.03640503,0.26359499,0.26359499,0.41359496,0.963595,0.49359497,-0.47640502,-1.896405,-0.626405,-0.36640504,-0.026405029,-0.20640503,0.20359497,0.78359497,-1.2964051,-0.42640504,-0.28640503,-0.05640503,0.14359497,-0.45640504,0.33359498,0.53359497,2.123595,0.953595,-0.596405,-0.676405,-2.266405,-3.036405,-4.166405,-1.526405,-2.936405,-2.796405,-3.7464051,-2.196405,-6.206405,-9.646405,-8.386405,-8.946405,-4.026405,-5.846405,-6.666405,-6.336405,-5.866405,-5.396405,-4.026405
-7.436405,-7.186405,-7.586405,-7.406405,-6.3764052,-5.666405,-5.016405,-4.3764052,-3.826405,-3.336405,-2.646405,-1.966405,-1.276405,-0.89640504,-0.746405,-0.51640505,-0.48640501,0.07359497,0.74359494,1.613595,1.343595,-0.06640503,-0.876405,-0.546405,-0.37640503,0.0035949708,-0.11640503,0.86359495,0.92359495,0.92359495,-0.52640504,-0.43640503,-0.48640501,-0.58640504,0.28359497,0.91359496,3.7735949,2.813595,1.993595,1.543595,0.23359497,-1.226405,-1.106405,-1.4164051,-1.866405,-3.876405,-4.466405,-5.996405,-5.936405,-7.316405,-8.636405,-10.606405,-10.386405,-9.406405,-9.176405,-9.006405,-7.556405,-7.746405,-8.196405
-8.156405,-7.936405,-7.566405,-7.186405,-6.636405,-5.956405,-5.176405,-4.836405,-4.416405,-3.966405,-3.356405,-2.766405,-2.346405,-1.816405,-1.596405,-1.2964051,-0.81640506,-0.29640502,0.31359497,1.043595,1.003595,0.27359498,0.14359497,1.2135949,1.8135949,0.623595,-0.33640504,-0.06640503,0.17359497,1.183595,-1.596405,-0.89640504,-0.21640503,-1.146405,-0.04640503,1.373595,4.153595,4.6435947,4.503595,5.263595,2.733595,0.80359495,0.32359496,-1.336405,-2.306405,-4.8764052,-5.836405,-6.266405,-5.726405,-6.506405,-7.546405,-8.136405,-9.176405,-8.576405,-7.986405,-7.8564053,-7.546405,-7.996405,-8.786405
-7.746405,-7.6264052,-7.076405,-6.926405,-6.456405,-5.926405,-5.396405,-5.186405,-5.006405,-4.596405,-4.146405,-3.826405,-2.9964051,-2.326405,-2.216405,-1.4164051,-0.90640503,-0.606405,-0.596405,-0.43640503,-0.33640504,-0.17640503,0.35359496,0.60359496,0.953595,1.343595,2.143595,2.473595,0.39359498,-1.1864051,0.36359498,0.47359496,1.003595,-0.13640504,-0.30640504,-0.17640503,-0.01640503,0.27359498,0.32359496,0.563595,1.893595,2.803595,1.373595,-2.526405,-4.1264052,-5.616405,-6.506405,-6.946405,-6.826405,-6.546405,-7.416405,-7.236405,-7.766405,-8.076405,-8.176405,-8.146405,-7.646405,-7.036405,-7.686405
-7.3564053,-7.246405,-6.976405,-6.956405,-6.466405,-6.136405,-5.716405,-5.416405,-5.526405,-4.866405,-4.776405,-3.836405,-2.876405,-2.816405,-2.516405,-1.766405,-1.4264051,-1.526405,-1.626405,-1.6764051,-1.596405,-1.146405,-0.77640504,-0.30640504,0.33359498,0.773595,0.893595,0.43359497,-1.566405,-1.606405,0.15359497,-0.786405,-1.5564051,-1.376405,-3.106405,1.503595,-0.82640505,-0.26640502,0.903595,0.563595,0.753595,3.043595,1.033595,-3.906405,-4.336405,-5.826405,-7.166405,-7.956405,-7.886405,-8.036405,-8.146405,-7.886405,-8.166405,-8.646405,-8.026405,-7.776405,-7.636405,-7.436405,-7.436405
-7.316405,-7.386405,-7.326405,-6.996405,-6.816405,-6.656405,-6.116405,-5.686405,-5.8764052,-5.176405,-5.206405,-4.026405,-3.636405,-3.466405,-3.2264051,-2.506405,-2.166405,-2.616405,-2.606405,-2.406405,-3.066405,-1.9264051,-1.106405,-0.77640504,-0.69640505,-0.51640505,-0.856405,-1.156405,-2.526405,-0.96640503,0.563595,-0.36640504,-1.226405,-2.886405,-2.306405,-2.9764051,-2.4964051,-1.016405,-0.856405,-0.58640504,-0.08640503,2.2735949,-2.116405,-4.476405,-4.486405,-5.766405,-7.416405,-7.946405,-8.756405,-9.246405,-8.766405,-8.026405,-8.626405,-8.636405,-8.606405,-8.066405,-7.836405,-7.836405,-7.896405
