public/data/weather/current/current-wind-surface-level-gfs-1.0.json
{"header": {"discipline":0,"disciplineName":"Meteorological products","gribEdition":2,"gribLength":74229,"center":7,"centerName":"US National Weather Service - NCEP(WMC)","subcenter":0,"refTime":"2018-01-11T06:00:00.000Z","significanceOfRT":1,"significanceOfRTName":"Start of forecast","productStatus":0,"productStatusName":"Operational products","productType":1,"productTypeName":"Forecast products","productDefinitionTemplate":0,"productDefinitionTemplateName":"Analysis/forecast at horizontal level/layer at a point in time","parameterCategory":2,"parameterCategoryName":"Momentum","parameterNumber":2,"parameterNumberName":"U-component_of_wind","parameterUnit":"m.s-1","genProcessType":2,"genProcessTypeName":"Forecast","forecastTime":3,"surface1Type":103,"surface1TypeName":"Specified height level above ground","surface1Value":10,"surface2Type":255,"surface2TypeName":"Missing","surface2Value":0,"gridDefinitionTemplate":0,"gridDefinitionTemplateName":"Latitude_Longitude","numberPoints":65160,"shape":6,"shapeName":"Earth spherical with radius of 6,371,229.0 m","gridUnits":"degrees","resolution":48,"winds":"true","scanMode":0,"nx":360,"ny":181,"basicAngle":0,"lo1":0,"la1":90,"lo2":359,"la2":-90,"dx":1,"dy":1}, "data":
[rows 50 to 74 of 181, columns 228 to 284 of 360]
9.099753,8.569754,7.1897535,6.5597534,6.4597535,5.279753,3.4697535,2.5997534,-2.3302467,0.7397534,-1.1902466,-0.5002466,1.5197535,1.2797534,1.2697535,1.9397534,1.3197534,1.6697534,2.4097533,-0.20024659,0.6197534,3.8597534,7.6697536,-0.24024658,-1.1102465,3.0497534,3.5897534,-3.4602466,-1.8402466,3.1397533,2.7597535,2.5397534,2.1597533,3.0497534,2.7697535,2.1497533,2.2097535,2.7697535,2.3497534,2.5297534,2.9397535,1.0497534,-0.25024658,-0.8002466,0.059753418,1.1497535,0.3797534,1.0097535,-0.2802466,-0.6602466,-0.71024656,-0.040246584,-0.5402466,-1.2702466,-0.10024658,0.24975342,0.22975342
9.019753,7.5197535,6.0697536,5.6797533,5.3297534,5.009753,4.1097536,3.4297533,0.90975344,0.26975343,0.7097534,-1.4302466,2.8397534,0.72975343,-0.3402466,1.1797534,1.2997534,0.78975344,1.8297534,0.60975343,0.21975341,1.7197534,2.2097535,-2.0302465,-0.26024657,1.4997535,3.3197534,1.7697535,1.6297535,1.9497534,1.9997535,2.5097535,2.3197534,2.6397533,1.8497534,1.4097534,-2.3002465,-0.9502466,1.8997535,3.6197534,3.2497535,-0.59024656,-1.2502465,-0.47024658,-0.26024657,-0.10024658,-0.12024658,-0.16024658,-1.3902466,-1.0302466,-1.1502466,-0.6102466,-1.6202465,0.15975341,-0.14024659,0.21975341,0.5497534
8.279754,6.8997536,6.049753,5.1997533,5.259753,4.779753,4.3097534,4.5597534,4.2097535,0.84975344,1.0397534,0.09975342,-2.3102465,3.8297534,0.90975344,1.8797535,0.33975342,0.66975343,0.9997534,-0.6702466,2.3597534,-0.05024658,1.3497534,3.5397534,0.48975343,2.5897534,3.4997535,-1.9202466,-1.9802465,-0.41024658,0.109753415,1.9097534,1.8497534,1.4797534,2.1997535,1.0697534,0.90975344,1.3097534,1.2897534,2.1397533,1.6397535,0.3197534,-0.84024656,-0.4902466,-1.1602466,-0.9402466,-0.3402466,-0.90024656,-1.3002466,-0.90024656,-1.5902466,-2.4302466,-0.2802466,1.3597534,0.21975341,0.5797534,-0.5102466
7.3797536,6.4297533,5.8097534,5.3197536,5.299753,5.0797534,3.9897535,3.7497535,4.5397534,3.4197533,0.8897534,0.7997534,0.52975345,-2.0702467,0.4397534,0.3197534,0.77975345,1.5397534,0.22975342,2.3897533,3.0497534,2.5197535,5.4497533,3.7297535,6.1797533,-0.2702466,-1.2802466,-0.59024656,1.2297534,0.22975342,-0.23024659,2.1097534,2.4597535,1.1597534,-1.3902466,-2.1902466,-1.0302466,-0.84024656,0.8297534,0.17975342,1.0097535,-0.41024658,0.109753415,-1.2902466,-1.0602466,-1.4902465,-1.0802466,-1.6402466,-1.0902466,-1.3102466,-1.5902466,-1.5702466,-0.6302466,-0.7002466,-0.36024657,-0.8102466,-1.6702466
6.4997535,5.7197533,5.279753,4.9697533,5.0797534,5.009753,4.4597535,3.6097534,3.7497535,3.5497534,2.6697533,-0.6202466,-0.18024658,-0.35024658,0.3497534,1.2797534,-0.15024658,1.1997534,0.13975342,0.9297534,2.2997534,4.6797533,3.1097534,7.3097534,7.6597533,6.9197536,-0.35024658,0.9597534,-1.4502466,-1.0902466,-1.9002466,1.6597534,5.5797534,-0.18024658,-0.23024659,-0.83024657,-0.59024656,-1.7702466,0.53975344,0.9997534,0.32975343,-0.97024655,-1.6402466,-1.6002465,-1.4702466,-1.5902466,-1.9202466,-1.4902465,-0.5702466,-2.6102467,-2.1602466,-0.4302466,-2.1502466,-1.5302466,-2.1602466,-1.8102466,-2.5802467
5.7897534,5.1497536,5.009753,4.4597535,4.2397532,4.1697536,3.1297534,3.9197533,3.1097534,3.3997533,4.1097536,1.6397535,-2.4102466,0.78975344,1.2697535,2.3597534,1.4797534,1.0197535,0.9497534,2.0597534,0.8897534,4.7197533,4.2197533,4.799753,7.0997534,5.0397534,8.699754,6.3597536,-2.3202467,-2.6902466,-0.7602466,1.9697534,3.6597533,2.1497533,0.049753416,-0.3402466,0.2597534,0.17975342,-0.09024658,0.03975342,1.8497534,-1.3002466,-1.5402466,-1.7102466,-2.6802466,-2.6802466,-2.7002466,-0.53024656,-3.8002465,-2.4902465,-1.6202465,-2.8102465,-2.6002467,-2.3602467,-2.9102466,-1.9902465,-6.3402467
4.7697535,4.279753,4.8697534,3.6997535,3.1297534,3.6997535,2.7197535,2.5397534,3.2597535,3.2597535,4.3797536,5.009753,7.2197533,-1.7802466,0.7097534,-0.45024657,1.2697535,1.6597534,1.3597534,0.4497534,-0.3402466,2.2497535,1.1497535,6.9797535,8.289753,7.9497533,6.4697533,11.069754,3.9597535,5.009753,3.2297535,9.879753,8.759753,3.4597535,1.4897534,0.6997534,-0.070246585,-0.8502466,-0.65024656,-0.47024658,1.5197535,-1.5702466,-2.5202465,-2.5802467,-2.6302466,-2.8002465,-2.7902465,-4.8002467,-5.1402464,-3.8402467,-3.6802466,-3.3802466,-4.0502467,-3.4602466,-4.240247,-7.1802464,-8.540247
3.3797534,3.0497534,2.5797534,2.2897534,1.4897534,2.8097534,1.4897534,2.7497535,3.2397535,3.6897535,4.2197533,5.779753,6.2897534,2.8097534,-1.4302466,0.4497534,-0.21024658,2.1497533,1.9297534,1.5597534,1.8697534,2.0797534,5.4997535,4.6797533,6.1597533,6.1797533,-0.45024657,11.499753,3.7797534,9.069754,9.2297535,10.869754,11.419753,3.1097534,2.3197534,1.4497534,1.0997534,-0.110246584,-0.97024655,-0.2702466,1.1797534,-2.6402466,-3.0702467,-2.5302465,-2.4802465,-2.9202466,-3.6502466,-4.5602465,-4.4302464,-5.1302466,-4.7902465,-3.4702466,-2.4202466,-7.5602465,-6.6402464,-6.720247,-6.7102466
1.4297534,2.3297534,0.78975344,1.8197534,1.6997534,2.1197534,1.6197534,2.0997534,3.3297534,3.1497533,4.0997534,5.3797536,3.9797535,3.7697535,1.2697535,-0.6002466,-2.0102465,0.85975343,0.30975342,-0.36024657,-0.39024657,1.3697534,2.9197533,5.7497535,10.989754,13.669753,13.329754,7.259753,12.4797535,9.279754,9.889753,12.059753,4.9297533,3.8697534,3.9597535,1.4197534,0.3797534,-0.3002466,-0.8702466,-0.35024658,0.3797534,-1.2902466,-2.9502466,-2.2202466,-2.2102466,-2.1202466,-3.9202466,-4.4302464,-5.3002467,-4.3402467,-4.0002465,-5.1402464,-8.040247,-7.7702465,-8.120247,-9.140246,-9.050246
-1.9202466,-2.0902467,-1.3102466,0.14975342,0.8197534,2.0097535,1.2097534,1.4097534,1.2697535,2.2297535,3.3897533,3.4397535,2.5097535,2.5897534,3.7597535,3.4697535,1.7197534,-0.9302466,2.5497534,-0.010246582,-0.3102466,0.2597534,1.8497534,3.5097535,8.989754,11.119754,12.509753,13.429753,14.269753,10.459753,7.3897533,7.2197533,4.3897533,2.6597533,1.6797534,-0.19024658,-0.7402466,-0.89024657,-0.8102466,-0.6702466,-0.7402466,-1.2702466,-2.6202466,-2.2802465,-1.9302466,-2.1502466,-2.9202466,-4.3202467,-4.2302465,-3.2102466,-1.9802465,-7.4002466,-8.310246,-8.780247,-10.330247,-10.410247,-10.780247
-4.4602466,-3.8102465,-3.1002467,-2.2702465,-1.7302465,-2.1302466,-1.1502466,-0.13024658,-0.6702466,-0.060246583,1.3797535,1.1997534,1.5497534,2.3497534,5.8097534,4.7297535,1.7097534,1.2397534,1.5597534,1.6497535,-1.2102466,0.6797534,0.7097534,-0.83024657,7.799753,7.6597533,5.6697536,9.719753,8.509753,5.6697536,2.8297534,2.9197533,-0.25024658,0.36975342,-0.010246582,-1.6002465,-0.90024656,-0.09024658,-2.0602465,-2.2802465,-1.7602466,-2.1302466,-4.6202464,-7.1802464,-5.5902467,-5.6102467,-5.5002465,-2.5402465,-4.3202467,-2.6802466,-2.2602465,-5.4302464,-6.5902467,-9.420246,-9.900247,-10.860247,-11.540247
-5.7602468,-5.6602464,-5.1502466,-4.0002465,-2.9602466,-2.7902465,-2.7902465,-1.9302466,-1.8802466,-1.7502465,-0.65024656,0.11975342,1.2597535,2.8797534,5.8897533,4.1997533,4.1997533,5.1397533,0.019753419,2.2097535,2.1097534,0.8797534,0.71975344,-1.1002465,2.8397534,6.259753,4.6997533,3.3797534,5.1297536,0.6397534,2.9997535,0.6397534,-2.5802467,-2.4702466,-1.3602465,-0.4002466,0.20975342,-2.1502466,-2.0102465,-3.7702465,-3.2802465,-3.5402465,-3.4502466,-6.5102468,-6.0302467,-4.1102467,-4.5602465,-4.6202464,-5.7702465,-3.9102466,-2.8502467,-1.3802466,-7.6602464,-8.880246,-10.310246,-11.820247,-12.500247
-6.3902464,-6.3402467,-6.2502465,-5.950247,-5.2902465,-4.200247,-3.1402466,-2.8902466,-2.0102465,-1.4402466,-1.2302465,-0.89024657,0.09975342,1.8097534,3.9497535,2.9997535,3.1997535,3.3997533,4.0797534,1.2497535,3.8497534,1.2497535,0.48975343,-0.8102466,0.45975342,8.049753,3.6397533,3.8897533,5.3597536,3.1997535,2.7797534,-0.3702466,-1.3502465,-0.9302466,1.1397535,0.049753416,-3.0102465,-1.6802466,-1.4602466,-1.9902465,-2.0102465,-2.7902465,-3.2102466,-3.0102465,-5.8002467,-5.6402464,-4.2502465,-3.9902465,-2.7402465,-4.0702467,-2.8802466,-1.0502466,-8.210247,-11.060246,-10.940247,-11.480247,-11.120247
-6.8902464,-6.7102466,-6.6602464,-6.2902465,-5.9802465,-5.2902465,-4.3102465,-3.0302465,-2.1502466,-1.6602466,-0.7602466,-0.65024656,-0.6702466,-0.10024658,1.6097534,1.7597535,2.0997534,2.6797533,0.5197534,1.2997534,1.2197534,3.3797534,1.5597534,-1.0902466,-0.9502466,7.9497533,2.0797534,1.9497534,4.299753,3.0897534,3.6597533,0.6397534,0.109753415,-0.36024657,-0.89024657,-1.4802465,-1.9502466,-1.7702466,-1.8802466,-1.9102466,-2.4102466,-2.6402466,-1.7002466,-3.8502467,-2.3402467,-5.220247,-4.9602466,-4.4102464,-4.0102468,-4.1802464,-2.0202465,-0.10024658,-0.10024658,-4.2502465,-5.2102466,-7.8402467,-9.480247
-7.4202466,-7.220247,-7.0302467,-6.5102468,-5.9002466,-5.3202467,-4.6002464,-3.9302466,-3.1602466,-2.2202466,-1.5902466,-0.8502466,-0.3102466,-0.16024658,0.009753418,0.22975342,0.9497534,1.7497535,2.4597535,3.4597535,-1.1602466,3.9997535,2.6597533,1.1997534,-1.3602465,-2.2002466,4.9997535,3.7797534,2.5397534,3.5897534,2.7097535,4.0797534,0.9997534,-1.4902465,-0.6702466,-1.9202466,-2.1002467,-2.1502466,-2.3902466,-2.4602466,-2.9202466,-3.4502466,-3.1202466,-2.6002467,-2.0902467,-2.6602466,-4.6902466,-3.8202467,-3.9602466,-2.9902465,-3.3302467,-0.7402466,-0.9102466,-2.1702466,-4.0802464,-6.7702465,-10.000247
-7.8202467,-7.5902467,-7.4402466,-6.970247,-6.0702467,-5.2902465,-4.8002467,-4.4602466,-4.1202464,-3.7102466,-2.9402466,-2.1802466,-1.3202466,-0.42024657,-0.21024658,-0.15024658,0.059753418,1.2597535,2.2197535,2.7997534,2.3597534,0.15975341,2.2697535,2.5997534,0.6397534,-1.5002465,1.0897534,3.4697535,1.7097534,3.5397534,2.3997533,2.7997534,3.0197535,1.0897534,-1.2002466,-1.8202466,-2.2202466,-2.4902465,-2.8802466,-2.6702466,-2.7702465,-3.5402465,-3.0002465,-1.7002466,-2.2002466,-2.9202466,-4.2502465,-4.1302466,-4.3102465,-3.9102466,-3.8602467,-3.2802465,-1.9802465,-3.3702466,-2.1202466,-4.5802464,-8.440247
-8.450247,-7.9602466,-7.7502465,-7.4802465,-6.700247,-5.8602467,-5.1802464,-4.8602467,-4.5902467,-4.2702465,-3.8102465,-2.8202467,-1.9302466,-1.4702466,-0.9302466,-0.6902466,-0.35024658,0.9297534,1.6097534,2.0497534,2.1297534,1.9997535,-0.3002466,2.0197535,1.9497534,0.009753418,-1.9302466,6.8097534,1.2597535,1.7997534,2.9397535,6.4797535,2.7897534,-2.5502465,-1.2302465,-2.4802465,-2.4602466,-2.7902465,-3.1802466,-3.0302465,-3.4502466,-3.5402465,-2.8102465,-2.6302466,-2.7302465,-3.0202465,-3.9802465,-4.2302465,-3.6202466,-3.7402465,-3.2002466,-3.0802467,-3.0002465,-4.6802464,-3.1402466,-3.9702466,-5.220247
-9.130246,-8.480247,-8.070247,-7.6302466,-7.0602465,-7.1002464,-6.0502467,-5.2102466,-4.5802464,-4.2902465,-3.8402467,-3.3102465,-2.7202466,-2.0402465,-1.4202466,-0.84024656,-0.42024657,0.7697534,1.3797535,1.4697534,0.8897534,1.7697535,0.38975343,0.66975343,1.0797534,1.9997535,-0.36024657,-1.4102466,0.8997534,2.6997535,5.2097535,7.279753,2.9997535,0.14975342,1.5597534,-2.9202466,-3.4002466,-3.8602467,-3.6802466,-3.2502465,-3.4802465,-3.8302467,-4.0702467,-4.2602468,-3.7502465,-3.3702466,-3.7702465,-4.5402465,-2.3002465,-0.7002466,-0.8802466,-1.1402466,-2.0102465,-4.4302464,-2.2602465,-1.8402466,-4.4102464
-9.370247,-9.210247,-8.760246,-7.8002467,-7.4202466,-7.0102468,-7.0502467,-5.9602466,-4.9202466,-4.4602466,-4.0502467,-3.8202467,-3.4302466,-2.6302466,-1.8902466,-1.5102466,-1.0802466,-0.23024659,0.29975343,0.97975343,1.2697535,2.1197534,3.2897534,-1.1002465,0.27975342,0.8197534,0.2897534,-1.3902466,0.66975343,1.4897534,1.3297534,4.3497534,1.5097535,-0.47024658,0.41975343,-4.6802464,-5.2102466,-4.7302465,-4.1802464,-3.9602466,-3.8402467,-4.9002466,-5.2502465,-3.6802466,-3.3402467,-2.5102465,-3.8202467,-4.2602468,-2.5902467,-3.5502465,-5.4402466,-3.3702466,-0.8702466,-0.8102466,0.069753416,-1.3902466,-5.5802464
-8.730247,-8.970246,-8.880246,-8.450247,-7.490247,-7.1102467,-6.7702465,-6.3602467,-5.7802467,-4.8402467,-4.2502465,-3.7202466,-3.8402467,-3.3502467,-2.7302465,-2.3102465,-1.8602465,-1.3202466,-0.8702466,-0.060246583,0.91975343,2.4297533,3.0797534,3.7697535,1.7497535,-0.39024657,-0.26024657,-1.4802465,0.8997534,1.7597535,1.7097534,3.0497534,2.2397535,2.0797534,-0.4602466,-3.9902465,-5.7302465,-4.5702467,-4.4402466,-4.2902465,-4.8202467,-6.8802466,-1.7302465,-0.7402466,-0.64024657,-0.16024658,-3.6602466,-5.470247,-5.5302467,-5.6502466,-7.2602468,-7.2902465,-6.0402465,-4.8802466,-1.9602466,-1.4102466,-2.2902465
-8.790247,-8.740247,-8.690247,-8.430246,-7.5502467,-6.7602468,-6.2302465,-6.3002467,-6.0602465,-5.3702464,-4.3202467,-3.7102466,-4.1102467,-3.8302467,-3.3602467,-2.8202467,-2.4702466,-1.9202466,-1.2102466,-0.44024658,0.5597534,1.5297534,1.8997535,2.3097534,1.8097534,0.18975341,0.60975343,-1.3402466,-0.97024655,0.7397534,0.29975343,0.019753419,0.5597534,0.12975341,3.5097535,0.8797534,-0.8802466,-4.6802464,-4.6802464,-4.7502465,-6.700247,-6.8502464,-1.1902466,-0.36024657,-0.45024657,-3.7602465,-3.9602466,-5.5602465,-5.5902467,-5.3702464,-6.7702465,-6.8702464,-6.1202464,-4.4402466,-5.8202467,-1.3802466,-0.71024656
-8.320247,-8.240247,-8.230247,-8.000247,-8.070247,-7.3702464,-6.6302466,-6.8002467,-6.8802466,-5.9002466,-4.8002467,-4.3402467,-4.0302467,-3.9802465,-3.5302465,-2.9002466,-2.1702466,-1.5202466,-0.5702466,-0.3402466,-0.030246582,-0.42024657,-0.25024658,0.9897534,2.0797534,1.6397535,2.8497534,1.1197534,-0.33024657,1.1297535,-0.9802466,0.41975343,-1.0002465,-0.7302466,-1.0302466,2.2697535,1.6097534,-5.1802464,-4.990247,-6.3202467,-7.3802466,-1.6602466,-1.3102466,-0.38024658,-0.59024656,-3.6302466,-4.0802464,-4.5702467,-6.0402465,-4.8002467,-5.5002465,-4.8602467,-3.5602465,-2.7802465,-4.3902464,-6.7502465,-5.1202464
-8.620247,-8.580247,-8.040247,-7.7902465,-7.7502465,-8.160247,-6.9002466,-6.720247,-5.7602468,-5.6202464,-5.4202466,-4.2602468,-3.4102466,-3.3402467,-2.8802466,-2.6402466,-2.3902466,-2.0302465,-1.6002465,-1.5202466,-2.1102467,-1.6902466,-0.6202466,0.38975343,1.6897534,2.1897535,2.4497535,3.5397534,2.3697534,0.07975342,-0.83024657,0.85975343,0.78975344,0.30975342,-0.77024657,2.4297533,-2.0302465,-3.0602465,-0.8702466,-2.4002466,-3.4002466,-2.6102467,-1.9902465,-0.5402466,-3.8402467,-3.1402466,-2.6902466,-2.6602466,-4.9102464,-3.4502466,-3.3202467,-4.200247,-4.1402464,-4.5902467,-4.7102466,-0.3102466,-5.2802467
-9.200247,-8.850246,-8.690247,-8.700247,-8.360247,-8.400247,-7.0602465,-6.2802467,-6.3502464,-6.5702467,-6.4202466,-5.8502464,-4.720247,-4.5002465,-4.3302464,-3.8102465,-3.4102466,-3.5102465,-4.1802464,-3.9702466,-3.2202466,-1.8002466,-0.9402466,0.19975342,1.2497535,1.7297534,1.8797535,2.3697534,2.8097534,2.8997533,2.9297533,2.7397535,-0.39024657,-0.7502466,-0.6702466,1.8697534,2.3597534,-0.8602466,-0.00024658203,-1.2402465,0.4397534,-0.5402466,-1.2402465,-1.4202466,-1.1902466,-2.2102466,-1.0302466,0.5797534,-1.3402466,-2.0102465,-3.1802466,-3.8602467,-4.5002465,-5.2502465,-5.0902467,-5.5602465,-6.7102466
-9.2702465,-9.320247,-9.140246,-9.130246,-9.120247,-8.910247,-8.510246,-8.540247,-7.4602466,-7.3102465,-6.6202464,-6.1202464,-6.1102467,-6.0102468,-5.4402466,-5.0102468,-4.6102467,-4.9202466,-5.1102467,-3.4302466,-2.2002466,-1.3902466,-1.2602466,-0.6702466,0.24975342,0.8997534,1.3897535,2.2697535,3.4897535,4.259753,4.5597534,4.6897535,4.9497533,5.2197533,3.3997533,0.09975342,1.1997534,2.2797534,-3.9402466,0.5597534,-0.36024657,0.019753419,-2.1402466,0.33975342,-2.3402467,-0.65024656,1.2497535,3.7397535,2.9697535,-1.0202466,-2.5302465,-3.2502465,-3.9502466,-5.990247,-5.720247,-6.3102465,-6.8102465
