public/data/weather/current/current-wind-surface-level-gfs-1.0.json
{"header": {"discipline":0,"disciplineName":"Meteorological products","gribEdition":2,"gribLength":74534,"center":7,"centerName":"US National Weather Service - NCEP(WMC)","subcenter":0,"refTime":"2018-01-11T06:00:00.000Z","significanceOfRT":1,"significanceOfRTName":"Start of forecast","productStatus":0,"productStatusName":"Operational products","productType":1,"productTypeName":"Forecast products","productDefinitionTemplate":0,"productDefinitionTemplateName":"Analysis/forecast at horizontal level/layer at a point in time","parameterCategory":2,"parameterCategoryName":"Momentum","parameterNumber":3,"parameterNumberName":"V-component_of_wind","parameterUnit":"m.s-1","genProcessType":2,"genProcessTypeName":"Forecast","forecastTime":3,"surface1Type":103,"surface1TypeName":"Specified height level above ground","surface1Value":10,"surface2Type":255,"surface2TypeName":"Missing","surface2Value":0,"gridDefinitionTemplate":0,"gridDefinitionTemplateName":"Latitude_Longitude","numberPoints":65160,"shape":6,"shapeName":"Earth spherical with radius of 6,371,229.0 m","gridUnits":"degrees","resolution":48,"winds":"true","scanMode":0,"nx":360,"ny":181,"basicAngle":0,"lo1":0,"la1":90,"lo2":359,"la2":-90,"dx":1,"dy":1}, "data":
[rows 52 to 77 of 181, columns 174 to 231 of 360]
-3.592903,-3.7429028,-3.9529028,-3.1629028,-3.7329028,-3.6829028,-3.4229028,-3.332903,-1.9929029,-0.49290285,0.33709717,1.2370971,1.4770972,1.6370971,1.3370972,0.21709716,-0.71290284,-0.9229028,-1.6129029,-2.1629028,-1.6829028,-0.8129028,-0.23290282,11.917097,14.4770975,14.277097,14.117097,14.787097,14.817097,13.407097,12.627097,11.667097,10.357098,9.847097,9.457097,8.547097,7.027097,5.4270973,4.227097,3.2870972,2.0770972,0.78709716,-0.41290283,-0.47290283,-0.96290284,-0.82290286,0.8970972,0.92709714,6.8470974,8.847097,8.607098,7.537097,5.537097,6.1970973,5.6970973,5.6570973,5.127097,3.7570972
-4.3429027,-4.912903,-5.1329026,-4.142903,-4.542903,-4.1529026,-3.1629028,-2.542903,-1.5729028,0.027097167,0.5770972,0.45709717,0.29709718,0.29709718,-0.082902834,-0.7329028,-1.0029029,-1.0429028,-1.6229029,-1.7129028,-3.792903,1.6770972,11.497097,13.327097,13.597097,13.887097,13.507097,13.137097,11.607098,9.907097,9.7270975,9.887097,9.797097,9.367097,8.497097,7.357097,5.997097,5.027097,4.1370974,2.947097,1.6870972,0.5570972,-0.15290283,-0.6029028,-0.49290285,-0.04290283,0.7570972,7.4470973,7.787097,7.357097,5.8670974,4.747097,5.287097,5.517097,5.027097,4.6170974,4.037097,2.7770972
-4.722903,-5.222903,-5.002903,-5.0529027,-4.852903,-4.2829027,-3.5229027,-2.4429028,-1.4929029,-0.26290283,0.6270972,-0.24290283,-1.3029028,-1.3429028,-1.0529028,-2.552903,-4.182903,-5.7829027,-6.442903,3.4870973,11.437098,12.417097,12.547097,12.577097,12.897098,12.387097,12.487097,12.257097,11.067097,9.807097,9.387097,8.997097,8.517097,8.027097,7.207097,6.4270973,5.647097,4.8670974,3.3270972,1.6470971,0.9570972,0.08709717,-0.53290284,-0.09290283,-1.2029028,4.787097,7.777097,7.327097,6.437097,5.1770973,3.927097,4.3670974,4.787097,4.567097,4.047097,3.6170971,3.0670972,1.6270971
-4.752903,-4.982903,-4.792903,-5.022903,-4.942903,-4.6329026,-4.002903,-3.092903,-2.2429028,-1.6829028,-0.97290283,-0.48290282,-0.21290283,-0.42290282,-1.2029028,1.5570972,5.837097,8.387097,9.007097,9.657097,10.627097,11.317097,11.437098,11.377097,11.257097,10.767097,10.267097,9.197097,8.147098,8.2270975,8.347097,7.817097,7.187097,7.147097,6.8670974,5.8870974,4.817097,3.407097,2.0170972,0.8970972,-0.28290284,-0.35290283,-1.9729028,3.9870973,8.257097,7.207097,6.4670973,5.4270973,3.5370972,2.6070971,4.0070972,4.227097,3.9770973,3.5370972,3.0270972,2.8170972,2.2770972,0.60709715
-4.202903,-4.1329026,-3.572903,-2.9529028,-2.4829028,-1.7529029,-0.64290285,0.33709717,0.79709715,0.46709716,-0.13290283,0.027097167,1.9570972,4.287097,5.6770973,6.4070973,7.2570972,7.667097,8.217097,8.907097,9.167097,9.237097,9.607098,9.507097,9.157097,9.037097,8.627097,7.4870973,7.767097,7.577097,6.577097,6.1970973,6.4670973,6.397097,5.827097,4.687097,3.3570971,1.8870971,0.057097167,-1.0229028,-2.302903,4.127097,8.747097,7.207097,6.6170974,4.897097,3.2570972,2.5970972,3.3570971,4.187097,4.087097,3.5070972,3.1170971,2.7570972,2.3470972,2.177097,0.41709718,-0.34290284
-3.4529028,-3.092903,-2.602903,-2.1229029,-1.2629029,-0.40290284,0.5670972,1.8270972,2.8270972,3.677097,3.8270972,4.0070972,4.547097,4.937097,5.587097,6.2170973,6.787097,7.017097,7.027097,7.2370973,7.3670974,7.777097,8.007097,7.6170974,7.647097,7.6970973,7.127097,6.687097,6.497097,5.6370974,5.4670973,5.607097,5.9070973,5.2370973,4.227097,3.0470972,1.4670972,-0.24290283,-0.7329028,1.6870972,8.467097,7.457097,7.077097,5.787097,3.8870971,3.0970972,3.3370972,3.8870971,4.077097,3.7770972,2.7770972,2.9970973,2.8370972,2.3070972,1.6370971,0.83709717,-1.4329028,-2.2429028
-2.842903,-1.8429028,-0.33290282,0.98709714,1.8770971,2.0670972,2.3570971,2.667097,2.8070972,3.1370971,3.5870972,4.1570973,4.3670974,4.727097,5.127097,5.047097,4.897097,5.537097,6.2570972,6.807097,6.6570973,6.6370974,6.5970974,6.457097,6.4670973,6.057097,5.767097,5.087097,4.687097,4.627097,4.957097,4.9670973,4.537097,3.5570972,1.7770972,0.54709715,0.79709715,0.24709716,4.917097,6.9070973,6.3670974,6.037097,4.877097,4.647097,4.067097,3.8870971,4.517097,3.5270972,3.647097,2.897097,2.5570972,2.707097,2.5570972,1.8670971,1.2470971,-0.64290285,-0.84290284,-1.9529028
1.2070972,1.2570971,1.2670971,1.4470972,1.7170972,1.8270972,1.9370972,2.0870972,2.397097,2.677097,2.907097,3.0870972,3.3670971,3.197097,3.397097,3.6270971,3.8670971,4.4470973,4.9470973,5.2570972,5.4670973,5.2170973,4.997097,5.167097,5.027097,4.777097,4.567097,4.337097,4.1770973,4.077097,3.697097,3.0270972,1.7270972,0.8970972,0.25709715,0.27709717,2.3570971,6.1570973,5.7170973,5.077097,5.087097,5.087097,5.107097,3.9870973,4.607097,4.807097,3.707097,3.7770972,2.907097,2.4770973,1.9470972,1.8370972,1.0970972,0.49709716,-0.52290285,-1.0929028,-1.2829028,-1.6829028
0.66709715,0.60709715,0.28709716,0.057097167,0.08709717,0.30709717,0.6270972,0.8770972,0.7070972,0.49709716,0.77709717,1.1870972,1.6670972,2.2270973,2.7170973,3.0470972,3.3270972,3.7870972,4.057097,4.087097,3.8670971,3.5870972,3.5970972,3.8070972,3.5470972,3.5570972,3.0970972,3.2870972,2.6170971,1.8470972,0.9370972,0.35709718,0.017097168,-0.46290284,0.65709716,4.4870973,5.647097,4.9470973,4.337097,4.357097,4.777097,4.527097,3.1170971,4.147097,3.8470972,3.8070972,3.397097,3.0470972,2.3470972,2.3370972,1.8870971,1.2570971,0.49709716,-0.6829028,-1.3129028,-1.9229028,-2.1929028,-2.6229029
-0.5629028,-0.46290284,-0.31290284,-0.23290282,-0.04290283,0.27709717,0.38709718,0.31709716,0.24709716,0.46709716,0.85709715,1.3670971,1.8970971,2.157097,2.167097,2.2770972,2.5070972,2.667097,2.5570972,2.2270973,2.3170972,2.157097,2.397097,2.2270973,2.197097,1.4670972,1.3370972,0.67709714,-0.25290284,-0.8729028,-1.1529028,-1.6529028,-0.27290285,2.8070972,4.327097,4.437097,3.7270973,3.3670971,3.397097,4.297097,3.5370972,2.7170973,2.3470972,2.7370973,3.1270971,3.0670972,3.1170971,2.8270972,2.9970973,2.707097,1.9670972,1.1170971,0.40709716,-0.22290283,-1.2129028,-2.302903,-3.0229027,-3.4229028
-0.58290285,-0.5429028,-0.44290283,-0.14290284,0.097097166,0.17709717,0.18709716,0.19709717,0.39709717,0.59709716,0.8770972,1.2970972,1.6470971,1.3770971,1.3670971,1.3870971,1.2570971,0.8270972,0.6870972,1.0770972,0.8270972,0.5070972,0.36709717,-0.04290283,-0.46290284,0.057097167,-0.8029028,-2.082903,-2.6129029,-2.4229028,-2.6829028,1.0870972,2.2870972,3.3370972,3.8170972,3.667097,3.2670972,2.9770973,3.7470973,2.907097,2.2170973,1.7870972,2.2170973,3.0170972,2.647097,2.8170972,2.3070972,2.8070972,2.6070971,2.187097,1.7670971,1.1270971,0.20709717,-0.6129028,-1.0429028,-1.6529028,-2.582903,-3.6629028
-0.66290283,-0.53290284,-0.31290284,-0.13290283,-0.07290283,-0.052902833,-0.002902832,-0.13290283,-0.27290285,0.22709717,0.46709716,0.83709717,0.5170972,0.31709716,0.24709716,0.097097166,-0.34290284,-0.9229028,-0.9229028,-0.9829028,-0.88290286,-1.0429028,-1.7329029,-1.4529028,-1.2829028,-2.2429028,-3.3729029,-4.1529026,-4.0529027,-0.96290284,3.1070971,2.5870972,1.3570971,3.457097,3.407097,3.2570972,3.5870972,1.9870971,3.0070972,1.3370972,1.7070972,2.0870972,2.1270971,2.3870971,2.5270972,2.3870971,2.3270972,1.7270972,1.4870971,1.0170971,0.66709715,0.5570972,0.057097167,-0.7329028,-1.4329028,-1.8429028,-2.3729029,-2.9929028
-0.91290283,-1.1229029,-0.97290283,-0.84290284,-0.7429028,-0.76290286,-0.9229028,-0.78290284,-0.49290285,-0.45290282,-0.24290283,-0.51290286,-0.71290284,-0.82290286,-1.2429029,-1.7229028,-2.3829029,-2.292903,-2.072903,-2.072903,-1.8029028,-2.2529027,-2.2229028,-2.3629029,-3.3929029,-4.542903,-5.5729027,-4.3829026,0.9370972,2.0370972,2.0170972,1.0570972,2.3670971,3.7270973,3.5570972,3.2770972,2.7970972,1.2570971,2.0570972,1.0970972,1.5970972,2.0570972,2.167097,2.3070972,2.667097,2.407097,1.5870972,1.3170972,1.2270972,0.8170972,0.037097167,-0.6929028,-0.44290283,-0.7929028,-1.3529029,-1.4829029,-1.9929029,-2.5229027
-0.9929028,-0.9429028,-1.0429028,-0.96290284,-0.8529028,-0.83290285,-0.7429028,-0.83290285,-0.97290283,-1.0029029,-1.0629028,-1.3529029,-1.8329028,-2.292903,-2.6529028,-2.9329028,-2.5029027,-2.562903,-2.7329028,-3.0229027,-3.082903,-3.0329027,-3.4329028,-3.592903,-5.3429027,-6.722903,-4.672903,0.39709717,1.0170971,1.4670972,2.5470972,1.7270972,2.5770972,3.8270972,2.937097,2.697097,1.8370972,1.2870972,1.3470972,1.3470972,1.5870972,1.5070971,1.7370971,2.2470973,2.3870971,1.7370971,1.0970972,0.10709717,-0.15290283,-0.53290284,-0.70290285,-0.71290284,-1.2929028,-1.3129028,-1.2329029,-1.6429029,-2.352903,-2.572903
-1.2529029,-1.0029029,-1.3129028,-1.7029028,-1.5129029,-1.0929028,-1.0529028,-1.1529028,-1.4329028,-1.5929028,-1.7829028,-2.1329029,-2.5329027,-3.0129027,-3.3829029,-3.2829027,-3.1429029,-3.0329027,-3.592903,-4.162903,-4.332903,-4.8029027,-4.982903,-5.662903,-7.3629026,-5.5129027,-1.7529029,-0.112902835,0.6470972,1.5670972,1.5270972,1.4370972,1.3970971,2.8670971,2.3170972,1.5270972,1.2570971,1.2370971,1.1670972,1.2870972,1.9170972,2.2670972,2.0670972,1.8270972,1.7670971,1.5270972,0.7070972,0.35709718,-0.09290283,0.037097167,-0.65290284,-1.4029028,-1.6829028,-1.9529028,-1.9829029,-1.8429028,-2.2129028,-3.1229029
-2.072903,-2.832903,-2.9729028,-2.832903,-2.6929028,-2.542903,-1.7429029,-1.3929029,-1.5629028,-1.8629029,-1.9929029,-2.2429028,-2.6429029,-2.9529028,-3.2229028,-3.5129027,-3.7429028,-4.8629026,-5.5529027,-4.0129027,-3.6929028,-4.062903,-5.062903,-6.962903,-7.522903,-4.022903,-1.1429029,-0.49290285,0.54709715,0.49709716,0.35709718,1.0770972,1.8070972,2.4670973,2.0470972,0.97709715,0.66709715,1.0170971,1.2170972,1.5370972,1.4170972,1.0670972,0.97709715,1.2970972,1.6770972,1.1770972,0.19709717,0.14709717,0.41709718,-0.14290284,-0.36290282,-0.97290283,-1.6729028,-2.1529028,-2.2629027,-1.8629029,-2.2729027,-2.7429028
-3.4829028,-3.1829028,-2.2029028,-1.3829029,-1.4729028,-2.1229029,-2.602903,-2.2829027,-2.2229028,-2.352903,-2.4329028,-2.6529028,-2.9329028,-3.322903,-3.7629027,-4.0529027,-4.192903,-4.772903,-2.9429028,-2.312903,-3.342903,-4.432903,-5.7429028,-4.892903,-5.442903,-5.0529027,-1.3029028,-1.7829028,0.86709714,-0.39290282,0.16709717,1.0070971,1.8570971,1.6470971,0.52709717,-0.09290283,0.24709716,0.6470972,0.72709715,0.5770972,0.5170972,0.6470972,0.71709716,1.2370971,1.2170972,0.8870972,0.97709715,0.45709717,0.017097168,-0.39290282,-0.6729028,-0.7529028,-1.1629028,-1.9029028,-2.4029028,-2.8829029,-3.1429029,-2.6729028
-2.9229028,-2.332903,-2.1129029,-1.4929029,-2.342903,-2.802903,-2.9829028,-2.9529028,-2.9429028,-2.792903,-2.8929029,-3.2829027,-3.9829028,-4.5329027,-5.0529027,-4.8429027,-4.682903,-4.3229027,-3.5329027,-3.4929028,-4.082903,-4.8829026,-4.2629027,-4.0529027,-4.8429027,-4.6129026,-2.9429028,-1.1929028,-2.572903,-0.13290283,2.8670971,1.8170972,1.2670971,0.84709716,0.6370972,-0.17290284,-0.25290284,-0.25290284,-0.48290282,-0.32290283,-0.002902832,0.31709716,0.7670972,0.7570972,0.7570972,0.71709716,0.60709715,-0.15290283,-0.35290283,-0.39290282,-0.15290283,-0.28290284,-0.44290283,-1.0529028,-1.8429028,-2.4729028,-2.6929028,-2.7329028
-0.65290284,-0.77290285,-1.2929028,-1.9629028,-2.4629028,-2.9529028,-3.2829027,-3.582903,-3.332903,-3.5229027,-3.9629028,-4.452903,-4.832903,-5.172903,-5.3029027,-5.122903,-4.852903,-4.582903,-4.222903,-4.1329026,-4.4929028,-5.0529027,-4.5929027,-3.822903,-4.3029027,-3.7729027,-3.292903,-1.5529028,0.46709716,-3.1529028,-1.8129028,3.437097,-0.7329028,-0.5429028,0.08709717,0.73709714,0.6270972,0.18709716,-0.23290282,-0.65290284,-0.43290284,-0.24290283,-0.10290283,-0.022902831,-0.16290283,-0.5529028,-0.57290286,-0.49290285,-0.65290284,-0.6229028,-1.0729028,-1.1129029,-0.9429028,-1.3229028,-1.4829029,-1.5229028,-1.9629028,-2.4929028
-1.5329028,-2.5129027,-3.0029027,-3.312903,-3.572903,-4.0129027,-4.1529026,-3.9829028,-3.9829028,-4.0929027,-4.102903,-4.2829027,-4.5929027,-4.8629026,-4.702903,-4.9029026,-5.462903,-5.1129026,-4.2429028,-4.3829026,-4.872903,-5.0729027,-4.682903,-4.0929027,-3.7329028,-3.092903,-2.6929028,-1.2529029,-0.25290284,0.48709717,0.38709718,-4.832903,-2.1929028,-1.9529028,-1.3829029,-0.71290284,-0.012902832,0.037097167,0.10709717,-0.36290282,-0.64290285,-0.91290283,-0.91290283,-0.8729028,-0.9429028,-0.9429028,-2.062903,-2.0229027,-2.2729027,-2.342903,-2.312903,-2.1829028,-2.542903,-2.792903,-2.5329027,-2.802903,-3.4729028,-3.9829028
-2.562903,-2.592903,-2.8929029,-3.4429028,-4.182903,-4.5929027,-4.752903,-5.0129027,-5.022903,-4.642903,-4.482903,-4.602903,-4.5529027,-4.7829027,-5.182903,-5.0129027,-4.252903,-3.582903,-3.6229029,-3.7429028,-3.9129028,-4.452903,-4.372903,-4.392903,-4.082903,-3.602903,-3.1829028,-2.4229028,-2.572903,-0.24290283,-2.072903,-1.4429028,-1.8329028,-2.0029027,-1.5329028,-0.12290283,0.5770972,-0.10290283,-0.42290282,-0.6029028,-1.8229028,-1.6529028,-1.4729028,-1.5829028,-2.0129027,-2.1729028,-2.3829029,-3.092903,-3.1829028,-3.3629029,-3.6429029,-3.562903,-3.4829028,-3.4429028,-4.082903,-4.232903,-4.702903,-4.982903
-2.4229028,-2.2829027,-2.7229028,-3.1529028,-3.592903,-3.9029028,-4.0529027,-4.122903,-3.7729027,-3.552903,-3.7729027,-4.082903,-4.4029026,-4.4029026,-4.562903,-4.352903,-4.272903,-4.002903,-3.0329027,-3.092903,-3.4429028,-3.4829028,-3.6429029,-4.122903,-4.4929028,-4.372903,-4.0329027,-3.8729029,-1.8529029,-1.4529028,-0.47290283,-0.002902832,-1.3329028,-1.7329029,-1.2029028,-0.37290284,-0.39290282,0.11709717,0.13709716,-0.6029028,-0.59290284,-0.53290284,-0.47290283,-0.8129028,-1.1329029,-1.9129028,-2.4829028,-2.7329028,-3.0329027,-3.6429029,-3.9429028,-4.082903,-3.6929028,-3.7029028,-3.792903,-4.472903,-5.252903,-5.412903
-1.8929029,-2.1629028,-2.062903,-2.292903,-2.9929028,-3.052903,-2.3729029,-1.7329029,-2.352903,-3.4229028,-3.7629027,-4.022903,-4.1529026,-4.2629027,-4.292903,-4.452903,-3.9429028,-3.3829029,-3.0229027,-3.342903,-3.552903,-3.4229028,-3.2229028,-3.5029027,-4.272903,-4.562903,-4.212903,-3.042903,-1.9029028,-0.9229028,0.30709717,-0.19290283,-1.4429028,-1.7329029,-1.1529028,-0.48290282,0.13709716,0.057097167,-0.28290284,-0.76290286,-1.0329028,-0.8729028,-0.9929028,-1.3629029,-2.2129028,-2.5229027,-2.4129028,-2.4729028,-2.8829029,-3.062903,-2.9429028,-2.572903,-2.4029028,-2.4529028,-3.552903,-4.5129027,-5.182903,-5.942903
-1.7329029,-2.6429029,-3.1229029,-3.062903,-2.6829028,-2.2029028,-2.2129028,-2.7529027,-2.9929028,-3.1429029,-3.4029028,-3.4029028,-3.842903,-4.3629026,-4.562903,-3.852903,-3.4529028,-3.3829029,-3.7029028,-3.4629028,-3.1329029,-3.2329028,-3.4929028,-3.6129029,-3.9829028,-3.842903,-3.2229028,-2.6529028,-2.052903,-1.7729028,-1.5129029,-0.83290285,-0.34290284,-1.1429029,-1.9229028,-1.8029028,-1.1729028,-0.7429028,-1.1329029,-1.4429028,-1.4729028,-1.8929029,-2.9029028,-1.8429028,-1.4329028,-1.3629029,-1.2229028,-1.1029029,-1.1329029,-1.6929028,-1.2529029,-1.4729028,-1.4229028,-3.352903,-3.8729029,-4.3029027,-3.7729027,-3.4129028
-2.4629028,-3.0029027,-3.1129029,-2.292903,-2.312903,-2.822903,-3.1729028,-3.2429028,-3.602903,-3.4529028,-3.5129027,-3.8629029,-4.1529026,-4.202903,-3.9629028,-3.9329028,-3.7129028,-3.572903,-3.1529028,-2.9829028,-2.8829029,-2.9029028,-2.792903,-2.852903,-3.0229027,-3.1729028,-3.072903,-3.1829028,-3.4029028,-2.552903,-1.5329028,-1.2929028,-1.1629028,-1.1429029,-1.5929028,-2.052903,-1.8529029,-1.8729029,-2.2129028,-2.4829028,-2.9729028,-3.3629029,-2.7329028,-1.8529029,-1.1829028,-0.91290283,-0.89290285,-1.4329028,-1.6429029,-1.5029029,-1.4329028,-2.1529028,-3.2829027,-3.8729029,-4.352903,-4.352903,-3.2829027,-2.6129029
-2.8629029,-3.2829027,-2.842903,-3.042903,-3.092903,-3.4929028,-4.022903,-4.1329026,-3.7029028,-3.582903,-3.562903,-3.5029027,-3.6229029,-3.6529028,-3.582903,-3.3929029,-3.322903,-3.2429028,-3.1329029,-3.1729028,-2.832903,-2.292903,-2.0029027,-2.0329027,-2.2329028,-2.322903,-2.9829028,-3.302903,-3.2729027,-3.3729029,-2.562903,-2.4129028,-1.9029028,-2.072903,-2.1629028,-2.302903,-2.572903,-2.842903,-3.3729029,-3.7829027,-4.202903,-3.4129028,-1.7929028,-1.5529028,-1.4229028,-1.3529029,-1.3529029,-1.3129028,-1.7929028,-1.7829028,-2.1529028,-1.9629028,-2.4629028,-2.6929028,-3.062903,-2.7029028,-2.4729028,-2.6329029
